aa circle y 32 x 8..16: 0 0 0 0 223 255 255 255 255
aa circle y 20 x 10..20: 0 0 0 0 0 4 179 255 255 255 255
aa triangle y 20 x 2..12: 0 0 0 48 255 255 255 255 255 255 255
aa triangle y 20 x 40..60: 255 255 255 255 255 255 255 255 255 255 255 112 0 0 0 0 0 0 0 0 0
aa turned rectangle y 32 x 8..20: 0 0 16 251 255 255 255 255 255 255 255 255 255
aa turned rectangle y 24 x 20..40: 255 255 255 255 255 255 255 255 255 255 255 255 255 223 143 68 4 0 0 0 0
aa curve y 16 x 10..40: 215 255 255 255 255 255 255 255 255 255 255 255 255 255 255 255 255 255 255 255 255 255 199 52 0 0 0 0 0 0 0
aa curve y 40 x 36..52: 255 255 255 255 255 255 255 255 255 255 96 0 0 0 0 0 0
aa line 1 y 25 x 26..38: 0 0 0 0 0 84 219 191 64 0 0 0 0
aa line 2 y 25 x 26..38: 0 0 0 4 96 223 255 255 207 64 0 0 0
aa ellipse outline y 32 x 8..16: 0 0 0 223 255 32 0 0 0
aa ellipse outline y 20 x 10..20: 0 0 0 0 24 231 255 143 0 0 0
aa clip y 30 x 8..13: 0 0 178 255 255 255
aa clip y 30 x 38..43: 255 255 178 0 0 0
aa clip y 50 x 20..22: 51 51 51
aa clip y 10 x 20..22: 102 102 102
aa rectangle y 30 x 8..13: 0 0 191 255 255 255
aa rectangle y 30 x 38..43: 255 255 191 0 0 0
aa rectangle y 10 x 20..22: 128 128 128
aliased circle y 32 x 8..16: 0 0 0 0 255 255 255 255 255
aliased circle y 20 x 10..20: 0 0 0 0 0 0 255 255 255 255 255
aliased triangle y 20 x 2..12: 0 0 0 0 255 255 255 255 255 255 255
aliased triangle y 20 x 40..60: 255 255 255 255 255 255 255 255 255 255 255 0 0 0 0 0 0 0 0 0 0
aliased turned rectangle y 32 x 8..20: 0 0 0 255 255 255 255 255 255 255 255 255 255
aliased turned rectangle y 24 x 20..40: 255 255 255 255 255 255 255 255 255 255 255 255 255 255 255 0 0 0 0 0 0
aliased curve y 16 x 10..40: 255 255 255 255 255 255 255 255 255 255 255 255 255 255 255 255 255 255 255 255 255 255 255 0 0 0 0 0 0 0 0
aliased curve y 40 x 36..52: 255 255 255 255 255 255 255 255 255 255 0 0 0 0 0 0 0
aliased line 1 y 25 x 26..38: 0 0 0 0 0 0 255 255 0 0 0 0 0
aliased line 2 y 25 x 26..38: 0 0 0 0 0 255 255 255 255 0 0 0 0
aliased ellipse outline y 32 x 8..16: 0 0 0 255 255 0 0 0 0
aliased ellipse outline y 20 x 10..20: 0 0 0 0 0 255 255 255 0 0 0
aliased clip y 30 x 8..13: 0 0 255 255 255 255
aliased clip y 30 x 38..43: 255 255 255 0 0 0
aliased clip y 50 x 20..22: 0 0 0
aliased clip y 10 x 20..22: 0 0 0
aliased rectangle y 30 x 8..13: 0 0 255 255 255 255
aliased rectangle y 30 x 38..43: 255 255 255 0 0 0
aliased rectangle y 10 x 20..22: 255 255 255
done
