triangles: 0
shared edge y 10 x 2..21: 0 0 128 128 128 128 128 128 128 128 128 128 128 128 128 128 128 128 0 0
shared edge y 4 x 2..21: 0 0 128 128 128 128 128 128 128 128 128 128 128 128 128 128 128 128 0 0
shared edge y 19 x 2..21: 0 0 128 128 128 128 128 128 128 128 128 128 128 128 128 128 128 128 0 0
crossing y 12 x 22..41: 0 0 0 0 0 0 192 192 192 192 192 192 192 192 0 0 0 0 0 0
crossing y 6 x 22..41: 0 0 0 128 128 128 128 128 128 192 192 128 128 128 128 128 128 0 0 0
centres y 4 x 42..61: 0 0 128 128 128 128 128 128 128 128 128 128 128 128 128 128 128 128 0 0
centres y 12 x 42..61: 0 0 128 128 128 128 128 128 128 128 0 0 0 0 0 0 0 0 0 0
centres y 20 x 42..61: 0 0 0 0 0 0 0 0 0 0 0 0 0 0 0 0 0 0 0 0
windings y 26 x 2..41: 0 0 128 128 128 128 128 128 128 128 128 128 128 128 128 0 0 0 0 0 0 0 128 128 128 128 128 128 128 128 128 128 128 128 128 0 0 0 0 0
degenerate y 32 x 42..61: 0 0 0 0 0 0 0 0 0 0 0 0 0 0 0 0 0 0 0 0
transformed y 45 x 2..21: 0 0 128 128 128 128 128 128 128 128 128 128 128 128 128 128 0 0 0 0
transformed y 50 x 2..21: 0 0 128 128 128 128 128 128 128 128 128 0 0 0 0 0 0 0 0 0
tessellate: 0, 22 triangles
circle: 0, geometry 41728, mesh 41472, 2 pixels differ
circle mesh y 48 x 36..59: 0 0 128 128 128 128 128 128 128 128 128 128 128 128 128 128 128 128 128 128 128 128 0 0
antialiased: 0x88990001
antialiased y 10 x 2..21: 0 0 0 0 0 0 0 0 0 0 0 0 0 0 0 0 0 0 0 0
open: 0x88990001
open y 10 x 2..21: 0 0 0 0 0 0 0 0 0 0 0 0 0 0 0 0 0 0 0 0
empty: 0
done
