AddFontResourceEx: 1
height -92, quality default: face Latin Modern Math, tmHeight 609 ascent 327
  char 0x61
    GGO_METRICS: 268, box 41x42 at (3,41), cell 46,0
    GGO_METRICS unhinted: 268, box 41x42 at (3,41), cell 46,0
    GGO_METRICS rotated: 276, box 48x43 at (-12,48), cell 40,-23
    GGO_BITMAP: 336, box 41x42 at (3,41), cell 46,0
    GGO_GRAY2_BITMAP: 1848, box 41x42 at (3,41), cell 46,0
    GGO_GRAY8_BITMAP: 1848, box 41x42 at (3,41), cell 46,0
    GGO_NATIVE: 616 bytes, returned 616
      contour 516 bytes, start (43.93753,7.92007)
        L3 (43.93753,13.16495) (42.06252,13.16495) (42.06252,7.92007)
        Q3 (41.94357,3.98056) (39.47331,1.79131) (38.54910,1.92593)
        Q3 (36.20950,2.17471) (34.86124,6.00887) (34.93752,6.60886)
        L1 (34.93752,25.55785)
        Q3 (35.03329,28.53163) (34.07541,33.70496) (31.87225,36.10330)
        Q3 (29.29863,38.68298) (22.76997,40.96075) (19.36862,40.93753)
        Q3 (13.43655,40.85945) (5.29982,35.46506) (5.13023,31.08578)
        Q3 (5.17180,29.14905) (7.60620,27.07320) (9.50029,27.06250)
        Q3 (11.51903,27.09996) (13.84607,29.29350) (13.86978,31.00018)
        Q3 (13.97670,31.91240) (12.19591,34.73180) (9.02528,34.93752)
        Q3 (11.06378,37.25508) (16.83067,39.09898) (19.18222,39.06252)
        Q3 (22.79672,39.08290) (28.87312,33.63318) (29.06250,27.91852)
        L1 (29.06250,23.93752)
        Q3 (25.42227,23.81392) (16.38150,22.63829) (11.87532,20.65762)
        Q3 (7.00584,18.24626) (2.99634,11.80696) (3.06250,8.68689)
        Q3 (3.42580,3.18146) (12.87724,-1.03651) (17.60605,-0.93750)
        Q3 (22.20125,-0.85202) (28.35828,3.59662) (29.65851,6.93405)
        Q3 (29.91568,3.83232) (33.34654,-0.80759) (36.49928,-0.92592)
        Q3 (38.30936,-1.08160) (43.66481,2.40723) (43.93753,7.92007)
      contour 100 bytes, start (29.06250,12.69666)
        Q3 (28.77667,6.30321) (21.65683,0.86409) (18.25279,0.93750)
        Q3 (14.76208,0.99516) (10.03278,5.26195) (9.93752,8.77914)
        Q3 (9.70366,12.88741) (17.86298,21.34560) (29.06250,22.06250)
    GGO_BEZIER: 616 bytes, returned 616
      contour 516 bytes, start (43.93753,7.92007)
        L3 (43.93753,13.16495) (42.06252,13.16495) (42.06252,7.92007)
        C3 (42.06252,2.48788) (39.62282,1.92593) (38.54910,1.92593)
        C3 (35.32796,1.92593) (34.93752,6.14056) (34.93752,6.60886)
        L1 (34.93752,25.55785)
        C3 (34.93752,29.54495) (34.93752,32.88342) (31.87225,36.10330)
        C3 (28.50229,39.57384) (23.84225,40.93753) (19.36862,40.93753)
        C3 (11.68532,40.93753) (5.13023,36.82071) (5.13023,31.08578)
        C3 (5.13023,28.51773) (7.03026,27.06250) (9.50029,27.06250)
        C3 (12.16032,27.06250) (13.86978,28.77454) (13.86978,31.00018)
        C3 (13.86978,32.02740) (13.39534,34.85226) (9.02528,34.93752)
        C3 (11.59032,38.07617) (16.19980,39.06252) (19.18222,39.06252)
        C3 (23.74905,39.06252) (29.06250,35.56525) (29.06250,27.91852)
        L1 (29.06250,23.93752)
        C3 (24.30826,23.66953) (17.78421,23.40169) (11.87532,20.65762)
        C3 (5.29448,17.54333) (3.06250,12.74609) (3.06250,8.68689)
        C3 (3.06250,1.21426) (11.78535,-0.93750) (17.60605,-0.93750)
        C3 (23.70392,-0.93750) (27.95395,2.59808) (29.65851,6.93405)
        C3 (29.99908,2.95618) (32.29797,-0.92592) (36.49928,-0.92592)
        C3 (38.54910,-0.92592) (43.93753,0.36201) (43.93753,7.92007)
      contour 100 bytes, start (29.06250,12.69666)
        C3 (29.06250,4.07416) (22.41043,0.93750) (18.25279,0.93750)
        C3 (13.72559,0.93750) (9.93752,4.16641) (9.93752,8.77914)
        C3 (9.93752,13.85315) (13.81798,21.51028) (29.06250,22.06250)
    GGO_NATIVE unhinted: 616 bytes, returned 616
      contour 516 bytes, start (44.43370,8.18758)
        L3 (44.43370,13.33931) (42.13382,13.33931) (42.13382,8.18758)
        Q3 (42.02170,4.31804) (39.69305,2.16765) (38.82199,2.29988)
        Q3 (36.61697,2.54425) (35.34628,6.31030) (35.41817,6.89964)
        L1 (35.41817,25.29869)
        Q3 (35.52165,28.19368) (34.48671,33.60416) (32.10634,36.15413)
        Q3 (29.37808,38.82489) (22.85219,41.23401) (19.50299,41.21387)
        Q3 (13.68430,41.13338) (5.77267,35.45267) (5.61171,30.81841)
        Q3 (5.65196,28.73703) (8.00934,26.50613) (9.84349,26.49463)
        Q3 (11.79837,26.53488) (14.05226,28.89227) (14.07527,30.72641)
        Q3 (14.17876,31.70674) (12.45384,34.73685) (9.38351,34.95819)
        Q3 (11.35854,37.33569) (16.99899,39.22736) (19.31900,39.18997)
        Q3 (22.88670,39.22159) (28.88362,33.52365) (29.07050,27.41458)
        L1 (29.07050,24.01076)
        Q3 (25.47693,23.88139) (16.56490,22.69121) (12.14337,20.69893)
        Q3 (7.04051,18.27832) (2.87196,11.85013) (2.94385,8.73955)
        Q3 (3.32045,3.23996) (12.93970,-1.10104) (17.66309,-1.01195)
        Q3 (22.23697,-0.91707) (28.38339,3.65393) (29.71446,6.99164)
        Q3 (29.99905,4.10529) (33.63863,-0.42548) (36.89009,-0.55197)
        Q3 (38.62936,-0.70433) (44.14333,2.75125) (44.43370,8.18758)
      contour 100 bytes, start (29.07050,12.87933)
        Q3 (28.78589,6.40228) (21.69649,0.93434) (18.30705,1.01195)
        Q3 (14.83134,1.06944) (10.12233,5.32423) (10.02748,8.83154)
        Q3 (9.79462,12.92822) (17.91895,21.36302) (29.07050,22.07886)
    GGO_BEZIER unhinted: 616 bytes, returned 616
      contour 516 bytes, start (44.43370,8.18758)
        L3 (44.43370,13.33931) (42.13382,13.33931) (42.13382,8.18758)
        C3 (42.13382,2.85185) (39.83394,2.29988) (38.82199,2.29988)
        C3 (35.78615,2.29988) (35.41817,6.43967) (35.41817,6.89964)
        L1 (35.41817,25.29869)
        C3 (35.41817,29.16249) (35.41817,32.75031) (32.10634,36.15413)
        C3 (28.51852,39.74194) (23.91876,41.21387) (19.50299,41.21387)
        C3 (11.95938,41.21387) (5.61171,36.89009) (5.61171,30.81841)
        C3 (5.61171,28.05855) (7.45161,26.49463) (9.84349,26.49463)
        C3 (12.41936,26.49463) (14.07527,28.33453) (14.07527,30.72641)
        C3 (14.07527,31.83035) (13.61530,34.86620) (9.38351,34.95819)
        C3 (11.86739,38.17802) (16.37515,39.18997) (19.31900,39.18997)
        C3 (23.82677,39.18997) (29.07050,35.60216) (29.07050,27.41458)
        L1 (29.07050,24.01076)
        C3 (24.37874,23.73477) (17.93907,23.45879) (12.14337,20.69893)
        C3 (5.24373,17.57109) (2.94385,12.78734) (2.94385,8.73955)
        C3 (2.94385,1.28793) (11.86739,-1.01195) (17.66309,-1.01195)
        C3 (23.73477,-1.01195) (27.96655,2.66786) (29.71446,6.99164)
        C3 (30.08244,3.31183) (32.56631,-0.55197) (36.89009,-0.55197)
        C3 (38.82199,-0.55197) (44.43370,0.73596) (44.43370,8.18758)
      contour 100 bytes, start (29.07050,12.87933)
        C3 (29.07050,4.13979) (22.44684,1.01195) (18.30705,1.01195)
        C3 (13.79929,1.01195) (10.02748,4.23178) (10.02748,8.83154)
        C3 (10.02748,13.89128) (13.89128,21.52689) (29.07050,22.07886)
  char 0x32
    GGO_METRICS: 324, box 37x61 at (4,61), cell 46,0
    GGO_METRICS unhinted: 324, box 37x61 at (4,61), cell 46,0
    GGO_METRICS rotated: 472, box 54x65 at (-20,67), cell 40,-23
    GGO_BITMAP: 488, box 37x61 at (4,61), cell 46,0
    GGO_GRAY2_BITMAP: 2440, box 37x61 at (4,61), cell 46,0
    GGO_GRAY8_BITMAP: 2440, box 37x61 at (4,61), cell 46,0
    GGO_NATIVE: 428 bytes, returned 428
      contour 428 bytes, start (40.93753,15.81665)
        L1 (39.06252,15.81665)
        Q3 (38.71371,13.63406) (37.70108,8.82262) (37.00185,7.66982)
        Q3 (36.20894,7.14348) (29.95340,6.91464) (28.10719,6.93752)
        L2 (11.27486,6.93752) (21.17873,16.36588)
        Q3 (31.97276,25.46727) (41.06819,36.60938) (40.93753,43.12321)
        Q3 (40.81085,51.10854) (30.39490,60.79510) (21.62581,60.92595)
        Q3 (13.55632,60.65480) (4.22156,50.72618) (4.12425,44.32253)
        Q3 (4.40575,40.60928) (8.55566,38.99484) (9.04610,39.15627)
        Q3 (10.38397,39.10727) (13.72189,41.25795) (13.87575,44.04576)
        Q3 (13.87280,45.91975) (11.39386,48.76878) (8.95323,48.84378)
        Q2 (8.00136,48.86703) (7.74599,48.75075)
        Q3 (9.42444,53.23270) (16.20927,58.04843) (20.39714,58.07410)
        Q3 (26.83292,57.84732) (33.07722,49.01120) (33.06250,43.12321)
        Q3 (32.92955,37.56479) (27.16960,27.16641) (23.13802,22.86504)
        L1 (5.14577,3.36583)
        Q3 (4.41154,2.71577) (4.09230,1.58305) (4.12425,0.06250)
        L1 (38.51405,0.06250)
    GGO_BEZIER: 436 bytes, returned 436
      contour 436 bytes, start (40.93753,15.81665)
        L1 (39.06252,15.81665)
        C3 (38.59352,13.07053) (37.93813,9.04288) (37.00185,7.66982)
        C3 (36.34645,6.93752) (30.16701,6.93752) (28.10719,6.93752)
        L2 (11.27486,6.93752) (21.17873,16.36588)
        C3 (35.74501,28.99805) (40.93753,33.94107) (40.93753,43.12321)
        C3 (40.93753,53.59579) (33.14903,60.92595) (21.62581,60.92595)
        C3 (10.99626,60.92595) (4.12425,52.49918) (4.12425,44.32253)
        C3 (4.12425,39.15627) (8.76750,39.15627) (9.04610,39.15627)
        C3 (10.62480,39.15627) (13.87575,40.26332) (13.87575,44.04576)
        C3 (13.87575,46.44438) (12.20351,48.84378) (8.95323,48.84378)
        C3 (8.21031,48.84378) (8.02458,48.84378) (7.74599,48.75075)
        C3 (9.88188,54.69241) (14.91539,58.07410) (20.39714,58.07410)
        C3 (28.99782,58.07410) (33.06250,50.67148) (33.06250,43.12321)
        C3 (33.06250,35.77182) (28.33623,28.54036) (23.13802,22.86504)
        L1 (5.14577,3.36583)
        C3 (4.12425,2.38376) (4.12425,2.20520) (4.12425,0.06250)
        L1 (38.51405,0.06250)
    GGO_NATIVE unhinted: 428 bytes, returned 428
      contour 428 bytes, start (41.30586,16.00717)
        L1 (39.00598,16.00717)
        Q3 (38.66386,13.81366) (37.66916,8.97816) (36.98209,7.81960)
        Q3 (36.20299,7.29062) (30.05655,7.06065) (28.24254,7.08363)
        L2 (11.68340,7.08363) (21.43489,16.55914)
        Q3 (32.09483,25.70692) (41.40935,36.89584) (41.30586,43.42175)
        Q3 (41.13911,51.41960) (30.38715,61.13660) (21.80287,61.26883)
        Q3 (13.90564,60.99571) (4.70038,51.03151) (4.59976,44.61769)
        Q3 (4.87863,40.91489) (8.98965,39.30498) (9.47551,39.46596)
        Q3 (10.80081,39.41708) (14.10689,41.56174) (14.25926,44.34171)
        Q3 (14.25638,46.21037) (11.80125,49.05072) (9.38351,49.12546)
        Q2 (8.44057,49.14845) (8.18758,49.03346)
        Q3 (9.85211,53.54411) (16.52753,58.39113) (20.60693,58.41698)
        Q3 (26.87123,58.18700) (32.94865,49.30945) (32.93430,43.42175)
        Q3 (32.80492,37.85603) (27.19896,27.41460) (23.27480,23.09081)
        L1 (5.61171,3.40382)
        Q3 (4.88437,2.73399) (4.56813,1.56680) (4.59976,0.00000)
        L1 (38.73000,0.00000)
    GGO_BEZIER unhinted: 436 bytes, returned 436
      contour 436 bytes, start (41.30586,16.00717)
        L1 (39.00598,16.00717)
        C3 (38.54601,13.24731) (37.90204,9.19952) (36.98209,7.81960)
        C3 (36.33812,7.08363) (30.26643,7.08363) (28.24254,7.08363)
        L2 (11.68340,7.08363) (21.43489,16.55914)
        C3 (35.78615,29.25449) (41.30586,34.22223) (41.30586,43.42175)
        C3 (41.30586,53.90921) (33.02629,61.26883) (21.80287,61.26883)
        C3 (11.40741,61.26883) (4.59976,52.80527) (4.59976,44.61769)
        C3 (4.59976,39.46596) (9.19952,39.46596) (9.47551,39.46596)
        C3 (11.03943,39.46596) (14.25926,40.56990) (14.25926,44.34171)
        C3 (14.25926,46.73358) (12.60335,49.12546) (9.38351,49.12546)
        C3 (8.64755,49.12546) (8.46356,49.12546) (8.18758,49.03346)
        C3 (10.30347,55.01315) (15.27121,58.41698) (20.60693,58.41698)
        C3 (28.97850,58.41698) (32.93430,50.96536) (32.93430,43.42175)
        C3 (32.93430,36.06213) (28.33453,28.79451) (23.27480,23.09081)
        L1 (5.61171,3.40382)
        C3 (4.59976,2.39188) (4.59976,2.20789) (4.59976,0.00000)
        L1 (38.73000,0.00000)
  char 0x78
    GGO_METRICS: 256, box 46x40 at (1,40), cell 49,0
    GGO_METRICS unhinted: 256, box 46x40 at (1,40), cell 49,0
    GGO_METRICS rotated: 464, box 59x56 at (-18,57), cell 42,-24
    GGO_BITMAP: 320, box 46x40 at (1,40), cell 49,0
    GGO_GRAY2_BITMAP: 1920, box 47x40 at (1,40), cell 49,0
    GGO_GRAY8_BITMAP: 1920, box 47x40 at (1,40), cell 49,0
    GGO_NATIVE: 676 bytes, returned 676
      contour 676 bytes, start (47.46954,0.07408)
        L1 (47.46954,2.92593)
        Q3 (43.86159,2.85364) (40.19904,3.85429) (38.73000,5.79482)
        L1 (26.40263,21.80502)
        Q3 (28.53577,24.54088) (33.14702,30.35963) (34.86620,32.26256)
        Q2 (39.23596,37.09821) (45.81363,37.07410)
        L1 (45.81363,39.92595)
        Q2 (42.04182,39.64998) (38.27002,39.64996)
        Q3 (36.01900,39.65858) (30.51654,39.84836) (29.43848,39.92595)
        L1 (29.43848,37.07410)
        Q2 (32.22131,36.61235) (32.10634,34.20599)
        Q3 (32.06322,33.08389) (31.11452,31.39497) (30.72641,30.96693)
        L2 (25.02271,23.74846) (17.84708,33.09546)
        Q3 (17.25197,33.75485) (16.99323,34.37952) (17.01912,34.76126)
        Q2 (17.24910,36.88998) (20.23895,37.07410)
        L2 (20.23895,39.92595) (10.30347,39.64996)
        Q3 (8.72229,39.64996) (3.55904,39.78796) (1.56392,39.92595)
        L1 (1.56392,37.07410)
        Q3 (6.06305,37.24188) (9.50713,35.42638) (12.41936,31.42966)
        L1 (21.52689,19.49141)
        Q3 (18.55428,15.65372) (15.85193,12.10808) (12.87933,8.47861)
        Q3 (9.42664,4.60909) (2.69374,2.76978) (1.10394,2.92593)
        L1 (1.10394,0.07408)
        Q2 (4.92174,0.35008) (8.73955,0.35007)
        L2 (17.47910,0.07408) (17.47910,2.92593)
        Q2 (14.62723,3.52748) (14.81123,5.79482)
        Q3 (14.80260,7.24084) (18.89064,12.63155) (23.09081,17.54797)
        L1 (30.08244,8.29352)
        Q3 (30.68616,7.48665) (31.96259,5.69939) (32.01434,5.23955)
        Q3 (32.04021,4.55704) (30.53954,3.05319) (28.70251,2.92593)
        L2 (28.70251,0.07408) (38.63800,0.35007)
        Q3 (40.56128,0.35007) (45.33928,0.21207) (47.46954,0.07408)
    GGO_BEZIER: 724 bytes, returned 724
      contour 724 bytes, start (47.46954,0.07408)
        L1 (47.46954,2.92593)
        C3 (42.50180,2.92593) (40.84589,3.11102) (38.73000,5.79482)
        L1 (26.40263,21.80502)
        C3 (29.16249,25.32172) (32.65831,29.85640) (34.86620,32.26256)
        C3 (37.71805,35.59416) (41.48985,36.98233) (45.81363,37.07410)
        L1 (45.81363,39.92595)
        C3 (43.42175,39.74196) (40.66190,39.64996) (38.27002,39.64996)
        C3 (35.51016,39.64996) (30.63441,39.83395) (29.43848,39.92595)
        L1 (29.43848,37.07410)
        C3 (31.37038,36.88979) (32.10634,35.68671) (32.10634,34.20599)
        C3 (32.10634,32.72528) (31.18639,31.52220) (30.72641,30.96693)
        L2 (25.02271,23.74846) (17.84708,33.09546)
        C3 (17.01912,34.02090) (17.01912,34.20599) (17.01912,34.76126)
        C3 (17.01912,36.14943) (18.39905,36.98233) (20.23895,37.07410)
        L2 (20.23895,39.92595) (10.30347,39.64996)
        C3 (8.37157,39.64996) (4.04779,39.74196) (1.56392,39.92595)
        L1 (1.56392,37.07410)
        C3 (8.00359,37.07410) (8.09558,36.98233) (12.41936,31.42966)
        L1 (21.52689,19.49141)
        C3 (17.20311,13.93874) (17.20311,13.75365) (12.87933,8.47861)
        C3 (8.46356,3.11102) (3.03584,2.92593) (1.10394,2.92593)
        L1 (1.10394,0.07408)
        C3 (3.49582,0.25807) (6.34767,0.35007) (8.73955,0.35007)
        L2 (17.47910,0.07408) (17.47910,2.92593)
        C3 (15.45520,3.20357) (14.81123,4.40665) (14.81123,5.79482)
        C3 (14.81123,7.83080) (17.47910,10.88477) (23.09081,17.54797)
        L1 (30.08244,8.29352)
        C3 (30.81841,7.27553) (32.01434,5.79482) (32.01434,5.23955)
        C3 (32.01434,4.40665) (31.18639,3.01848) (28.70251,2.92593)
        L2 (28.70251,0.07408) (38.63800,0.35007)
        C3 (41.12187,0.35007) (44.70969,0.25807) (47.46954,0.07408)
    GGO_NATIVE unhinted: 676 bytes, returned 676
      contour 676 bytes, start (47.46954,0.00000)
        L1 (47.46954,2.85185)
        Q3 (43.86159,2.77998) (40.19904,3.77469) (38.73000,5.70370)
        L1 (26.40263,21.61888)
        Q3 (28.53577,24.33850) (33.14702,30.12270) (34.86620,32.01434)
        Q2 (39.23596,36.82109) (45.81363,36.79810)
        L1 (45.81363,39.64995)
        Q2 (42.04182,39.37398) (38.27002,39.37396)
        Q3 (36.01900,39.38258) (30.51654,39.57236) (29.43848,39.64995)
        L1 (29.43848,36.79810)
        Q2 (32.22131,36.33813) (32.10634,33.94624)
        Q3 (32.06322,32.83081) (31.11452,31.15190) (30.72641,30.72641)
        L2 (25.02271,23.55078) (17.84708,32.84230)
        Q3 (17.25197,33.49777) (16.99323,34.11874) (17.01912,34.49821)
        Q2 (17.24910,36.61412) (20.23895,36.79810)
        L2 (20.23895,39.64995) (10.30347,39.37396)
        Q3 (8.72229,39.37396) (3.55904,39.51196) (1.56392,39.64995)
        L1 (1.56392,36.79810)
        Q3 (6.06305,36.96483) (9.50713,35.15944) (12.41936,31.18639)
        L1 (21.52689,19.31900)
        Q3 (18.55428,15.50407) (15.85193,11.97952) (12.87933,8.37157)
        Q3 (9.42664,4.52502) (2.69374,2.69662) (1.10394,2.85185)
        L1 (1.10394,0.00000)
        Q2 (4.92174,0.27600) (8.73955,0.27599)
        L2 (17.47910,0.00000) (17.47910,2.85185)
        Q2 (14.62723,3.44983) (14.81123,5.70370)
        Q3 (14.80260,7.14114) (18.89064,12.49986) (23.09081,17.38710)
        L1 (30.08244,8.18758)
        Q3 (30.68616,7.38550) (31.96259,5.60884) (32.01434,5.15173)
        Q3 (32.04021,4.47325) (30.53954,2.97836) (28.70251,2.85185)
        L2 (28.70251,0.00000) (38.63800,0.27599)
        Q3 (40.56128,0.27600) (45.33928,0.13799) (47.46954,0.00000)
    GGO_BEZIER unhinted: 724 bytes, returned 724
      contour 724 bytes, start (47.46954,0.00000)
        L1 (47.46954,2.85185)
        C3 (42.50180,2.85185) (40.84589,3.03584) (38.73000,5.70370)
        L1 (26.40263,21.61888)
        C3 (29.16249,25.11470) (32.65831,29.62247) (34.86620,32.01434)
        C3 (37.71805,35.32617) (41.48985,36.70610) (45.81363,36.79810)
        L1 (45.81363,39.64995)
        C3 (43.42175,39.46596) (40.66190,39.37396) (38.27002,39.37396)
        C3 (35.51016,39.37396) (30.63441,39.55795) (29.43848,39.64995)
        L1 (29.43848,36.79810)
        C3 (31.37038,36.61411) (32.10634,35.41817) (32.10634,33.94624)
        C3 (32.10634,32.47432) (31.18639,31.27838) (30.72641,30.72641)
        L2 (25.02271,23.55078) (17.84708,32.84230)
        C3 (17.01912,33.76225) (17.01912,33.94624) (17.01912,34.49821)
        C3 (17.01912,35.87814) (18.39905,36.70610) (20.23895,36.79810)
        L2 (20.23895,39.64995) (10.30347,39.37396)
        C3 (8.37157,39.37396) (4.04779,39.46596) (1.56392,39.64995)
        L1 (1.56392,36.79810)
        C3 (8.00359,36.79810) (8.09558,36.70610) (12.41936,31.18639)
        L1 (21.52689,19.31900)
        C3 (17.20311,13.79929) (17.20311,13.61530) (12.87933,8.37157)
        C3 (8.46356,3.03584) (3.03584,2.85185) (1.10394,2.85185)
        L1 (1.10394,0.00000)
        C3 (3.49582,0.18399) (6.34767,0.27599) (8.73955,0.27599)
        L2 (17.47910,0.00000) (17.47910,2.85185)
        C3 (15.45520,3.12784) (14.81123,4.32378) (14.81123,5.70370)
        C3 (14.81123,7.72760) (17.47910,10.76344) (23.09081,17.38710)
        L1 (30.08244,8.18758)
        C3 (30.81841,7.17563) (32.01434,5.70370) (32.01434,5.15173)
        C3 (32.01434,4.32378) (31.18639,2.94385) (28.70251,2.85185)
        L2 (28.70251,0.00000) (38.63800,0.27599)
        C3 (41.12187,0.27599) (44.70969,0.18399) (47.46954,0.00000)
height -92, quality nonantialiased: face Latin Modern Math, tmHeight 609 ascent 327
  char 0x61
    GGO_METRICS: 268, box 41x42 at (3,41), cell 46,0
  char 0x32
    GGO_METRICS: 324, box 37x61 at (4,61), cell 46,0
  char 0x78
    GGO_METRICS: 256, box 46x40 at (1,40), cell 49,0
height -92, quality antialiased: face Latin Modern Math, tmHeight 609 ascent 327
  char 0x61
    GGO_METRICS: 268, box 41x42 at (3,41), cell 46,0
  char 0x32
    GGO_METRICS: 324, box 37x61 at (4,61), cell 46,0
  char 0x78
    GGO_METRICS: 256, box 46x40 at (1,40), cell 49,0
height -92, quality cleartype: face Latin Modern Math, tmHeight 609 ascent 327
  char 0x61
    GGO_METRICS: 268, box 41x42 at (3,41), cell 46,0
  char 0x32
    GGO_METRICS: 324, box 37x61 at (4,61), cell 46,0
  char 0x78
    GGO_METRICS: 256, box 46x40 at (1,40), cell 49,0
