AddFontResourceEx: 1
height -1000, quality default: face Latin Modern Math, tmHeight 6620 ascent 3560
  char 0x61
    GGO_METRICS: 26180, box 451x459 at (32,448), cell 500,0
    GGO_METRICS unhinted: 26180, box 451x459 at (32,448), cell 500,0
    GGO_METRICS rotated: 30436, box 518x468 at (-127,522), cell 433,-250
    GGO_BITMAP: 27540, box 451x459 at (32,448), cell 500,0
    GGO_GRAY2_BITMAP: 207468, box 451x459 at (32,448), cell 500,0
    GGO_GRAY8_BITMAP: 207468, box 451x459 at (32,448), cell 500,0
    GGO_NATIVE: 656 bytes, returned 656
      contour 540 bytes, start (482.93750,88.97461)
        L3 (482.93750,145.00708) (458.06250,145.00708) (458.06250,88.97461)
        Q3 (456.84166,46.88773) (431.48567,23.49918) (422.00073,24.93750)
        Q4 (405.70442,25.72499) (389.69562,47.86748) (384.70561,71.67755) (384.93750,74.96649)
        L1 (384.93750,275.00223)
        Q3 (386.06047,306.48260) (374.83078,365.25610) (349.00258,392.97281)
        Q3 (319.38440,422.03836) (248.41917,448.16368) (211.98251,447.93750)
        Q3 (148.72850,447.06593) (62.80621,385.36716) (61.06250,334.99867)
        Q3 (61.49940,312.40442) (87.08960,288.18733) (107.00003,288.06250)
        Q3 (128.22116,288.49940) (152.68784,314.08961) (152.93750,334.00003)
        Q3 (154.06097,344.64182) (135.33649,377.53456) (102.00682,379.93750)
        Q3 (123.44760,405.85146) (184.74440,426.46985) (209.98099,426.06250)
        Q3 (248.79185,426.39673) (314.02966,364.39539) (316.06250,298.04892)
        L1 (316.06250,260.93750)
        Q3 (276.96834,259.54272) (180.03316,246.65149) (131.96608,225.05347)
        Q3 (76.54008,198.72765) (31.28046,128.81477) (32.06250,94.98364)
        Q4 (33.27301,54.75113) (85.75929,8.25455) (159.25841,-11.22722) (191.98816,-10.93750)
        Q3 (241.73782,-9.91426) (308.58537,39.68060) (323.04979,75.97321)
        Q3 (326.13614,44.58455) (365.64455,-4.57082) (400.96484,-5.93750)
        Q4 (412.41647,-6.42899) (450.71611,7.78169) (482.00380,48.98186) (482.93750,88.97461)
      contour 116 bytes, start (316.06250,140.00418)
        Q4 (315.14531,92.73029) (276.28891,35.86751) (222.42336,10.68741) (198.99243,10.93750)
        Q3 (161.18813,11.56285) (109.96936,57.83826) (108.93750,95.98419)
        Q4 (108.18706,124.47206) (143.70859,188.45157) (234.26326,236.08849) (316.06250,240.06250)
    GGO_BEZIER: 616 bytes, returned 616
      contour 516 bytes, start (482.93750,88.97461)
        L3 (482.93750,145.00708) (458.06250,145.00708) (458.06250,88.97461)
        C3 (458.06250,30.94098) (433.01953,24.93750) (422.00073,24.93750)
        C3 (388.94434,24.93750) (384.93750,69.96359) (384.93750,74.96649)
        L1 (384.93750,275.00223)
        C3 (384.93750,317.02312) (384.93750,355.97015) (349.00258,392.97281)
        C3 (310.05728,432.02844) (260.01913,447.93750) (211.98251,447.93750)
        C3 (129.96880,447.93750) (61.06250,400.99454) (61.06250,334.99867)
        C3 (61.06250,305.03941) (81.03534,288.06250) (107.00003,288.06250)
        C3 (134.96201,288.06250) (152.93750,308.03534) (152.93750,334.00003)
        C3 (152.93750,345.98373) (147.94435,378.93892) (102.00682,379.93750)
        C3 (128.97015,415.03256) (177.95657,426.06250) (209.98099,426.06250)
        C3 (259.01837,426.06250) (316.06250,386.95651) (316.06250,298.04892)
        L1 (316.06250,260.93750)
        C3 (265.02295,257.95538) (194.96954,254.97324) (131.96608,225.05347)
        C3 (57.02206,191.03638) (32.06250,139.00781) (32.06250,94.98364)
        C3 (32.06250,13.93915) (128.94971,-10.93750) (191.98816,-10.93750)
        C3 (258.02844,-10.93750) (304.05652,28.94739) (323.04979,75.97321)
        C3 (327.04253,35.94388) (353.99350,-5.93750) (400.96484,-5.93750)
        C3 (422.00073,-5.93750) (482.93750,8.00610) (482.93750,88.97461)
      contour 100 bytes, start (316.06250,140.00418)
        C3 (316.06250,44.95618) (244.01990,10.93750) (198.99243,10.93750)
        C3 (149.96252,10.93750) (108.93750,45.95673) (108.93750,95.98419)
        C3 (108.93750,151.01440) (150.96313,234.06000) (316.06250,240.06250)
    GGO_NATIVE unhinted: 656 bytes, returned 656
      contour 540 bytes, start (483.00000,89.00000)
        L3 (483.00000,145.00000) (458.00000,145.00000) (458.00000,89.00000)
        Q3 (456.78125,46.93750) (431.46875,23.56250) (422.00000,25.00000)
        Q4 (405.73148,25.78703) (389.74998,47.91669) (384.76851,71.71297) (385.00000,75.00000)
        L1 (385.00000,275.00000)
        Q3 (386.12500,306.46875) (374.87500,365.28125) (349.00000,393.00000)
        Q3 (319.34375,422.03125) (248.40625,448.21875) (212.00000,448.00000)
        Q3 (148.75000,447.12500) (62.75000,385.37500) (61.00000,335.00000)
        Q3 (61.43750,312.37500) (87.06250,288.12500) (107.00000,288.00000)
        Q3 (128.25000,288.43750) (152.75000,314.06250) (153.00000,334.00000)
        Q3 (154.12500,344.65625) (135.37500,377.59375) (102.00000,380.00000)
        Q3 (123.46875,405.84375) (184.78125,426.40625) (210.00000,426.00000)
        Q3 (248.78125,426.34375) (313.96875,364.40625) (316.00000,298.00000)
        L1 (316.00000,261.00000)
        Q3 (276.93750,259.59375) (180.06250,246.65625) (132.00000,225.00000)
        Q3 (76.53125,198.68750) (31.21875,128.81250) (32.00000,95.00000)
        Q4 (33.21297,54.78703) (85.75000,8.25000) (159.28703,-11.28703) (192.00000,-11.00000)
        Q3 (241.71875,-9.96875) (308.53125,39.71875) (323.00000,76.00000)
        Q3 (326.09375,44.62500) (365.65625,-4.62500) (401.00000,-6.00000)
        Q4 (412.43520,-6.49074) (450.75000,7.75002) (482.06480,48.99075) (483.00000,89.00000)
      contour 116 bytes, start (316.00000,140.00000)
        Q4 (315.08333,92.75000) (276.24998,35.91667) (222.41666,10.75002) (199.00000,11.00000)
        Q3 (161.21875,11.62500) (110.03125,57.87500) (109.00000,96.00000)
        Q4 (108.25000,124.47223) (143.75000,188.41667) (234.25000,236.02779) (316.00000,240.00000)
    GGO_BEZIER unhinted: 616 bytes, returned 616
      contour 516 bytes, start (483.00000,89.00000)
        L3 (483.00000,145.00000) (458.00000,145.00000) (458.00000,89.00000)
        C3 (458.00000,31.00000) (433.00000,25.00000) (422.00000,25.00000)
        C3 (389.00000,25.00000) (385.00000,70.00000) (385.00000,75.00000)
        L1 (385.00000,275.00000)
        C3 (385.00000,317.00000) (385.00000,356.00000) (349.00000,393.00000)
        C3 (310.00000,432.00000) (260.00000,448.00000) (212.00000,448.00000)
        C3 (130.00000,448.00000) (61.00000,401.00000) (61.00000,335.00000)
        C3 (61.00000,305.00000) (81.00000,288.00000) (107.00000,288.00000)
        C3 (135.00000,288.00000) (153.00000,308.00000) (153.00000,334.00000)
        C3 (153.00000,346.00000) (148.00000,379.00000) (102.00000,380.00000)
        C3 (129.00000,415.00000) (178.00000,426.00000) (210.00000,426.00000)
        C3 (259.00000,426.00000) (316.00000,387.00000) (316.00000,298.00000)
        L1 (316.00000,261.00000)
        C3 (265.00000,258.00000) (195.00000,255.00000) (132.00000,225.00000)
        C3 (57.00000,191.00000) (32.00000,139.00000) (32.00000,95.00000)
        C3 (32.00000,14.00000) (129.00000,-11.00000) (192.00000,-11.00000)
        C3 (258.00000,-11.00000) (304.00000,29.00000) (323.00000,76.00000)
        C3 (327.00000,36.00000) (354.00000,-6.00000) (401.00000,-6.00000)
        C3 (422.00000,-6.00000) (483.00000,8.00000) (483.00000,89.00000)
      contour 100 bytes, start (316.00000,140.00000)
        C3 (316.00000,45.00000) (244.00000,11.00000) (199.00000,11.00000)
        C3 (150.00000,11.00000) (109.00000,46.00000) (109.00000,96.00000)
        C3 (109.00000,151.00000) (151.00000,234.00000) (316.00000,240.00000)
  char 0x32
    GGO_METRICS: 33316, box 399x666 at (50,666), cell 500,0
    GGO_METRICS unhinted: 33316, box 399x666 at (50,666), cell 500,0
    GGO_METRICS rotated: 52112, box 588x704 at (-223,729), cell 433,-250
    GGO_BITMAP: 34632, box 399x666 at (50,666), cell 500,0
    GGO_GRAY2_BITMAP: 266400, box 399x666 at (50,666), cell 500,0
    GGO_GRAY8_BITMAP: 266400, box 399x666 at (50,666), cell 500,0
    GGO_NATIVE: 476 bytes, returned 476
      contour 476 bytes, start (448.93750,173.97154)
        L1 (424.06250,173.97154)
        Q3 (420.34070,150.11943) (409.52267,97.53848) (402.05057,84.94031)
        Q4 (397.59482,81.01300) (360.78166,77.60442) (318.96625,76.86342) (307.00708,76.93750)
        L2 (126.97086,76.93750) (232.97321,179.97365)
        Q4 (310.66127,247.79434) (405.97484,341.85838) (449.27278,423.22969) (448.93750,472.01132)
        Q3 (447.13503,558.93794) (330.34521,664.50372) (236.98755,665.93750)
        Q4 (180.15866,665.05872) (96.43622,612.54631) (50.38481,530.37019) (50.06250,484.99585)
        Q4 (50.95958,457.54707) (75.28242,433.72362) (100.60413,428.54462) (102.99942,429.06250)
        Q3 (117.38852,428.53189) (153.28322,451.81665) (154.93750,481.99942)
        Q3 (154.90630,502.28775) (128.25058,533.12599) (102.00061,533.93750)
        Q3 (96.22624,533.96870) (91.04491,533.65660) (89.01608,532.93872)
        Q3 (107.08627,582.02881) (179.61234,634.78082) (223.97961,635.06250)
        Q4 (269.46109,634.31944) (328.96085,587.68312) (358.10880,513.72983) (358.06250,472.01132)
        Q3 (356.65532,411.53667) (295.67966,298.01709) (252.99731,250.99857)
        L1 (61.04941,37.00266)
        Q3 (53.15256,29.73318) (49.71915,17.06621) (50.06250,0.06250)
        L1 (420.97598,0.06250)
    GGO_BEZIER: 436 bytes, returned 436
      contour 436 bytes, start (448.93750,173.97154)
        L1 (424.06250,173.97154)
        C3 (419.05835,143.96101) (412.05515,99.94557) (402.05057,84.94031)
        C3 (395.04736,76.93750) (329.01715,76.93750) (307.00708,76.93750)
        L2 (126.97086,76.93750) (232.97321,179.97365)
        C3 (389.01993,318.02208) (448.93750,372.04103) (448.93750,472.01132)
        C3 (448.93750,586.00177) (359.06113,665.93750) (236.98755,665.93750)
        C3 (123.97443,665.93750) (50.06250,573.98694) (50.06250,484.99585)
        C3 (50.06250,429.06250) (100.00299,429.06250) (102.99942,429.06250)
        C3 (119.97919,429.06250) (154.93750,441.04822) (154.93750,481.99942)
        C3 (154.93750,507.96848) (136.95895,533.93750) (102.00061,533.93750)
        C3 (94.01013,533.93750) (92.01251,533.93750) (89.01608,532.93872)
        C3 (111.98871,598.01660) (165.94421,635.06250) (223.97961,635.06250)
        C3 (315.03516,635.06250) (358.06250,553.96222) (358.06250,472.01132)
        C3 (358.06250,392.04805) (308.03088,313.02032) (252.99731,250.99857)
        L1 (61.04941,37.00266)
        C3 (50.06250,26.02045) (50.06250,24.02368) (50.06250,0.06250)
        L1 (420.97598,0.06250)
    GGO_NATIVE unhinted: 468 bytes, returned 468
      contour 468 bytes, start (449.00000,174.00000)
        L1 (424.00000,174.00000)
        Q3 (420.28125,150.15625) (409.46875,97.59375) (402.00000,85.00000)
        Q4 (397.54630,81.07408) (360.74998,77.66667) (318.95369,76.92593) (307.00000,77.00000)
        L2 (127.00000,77.00000) (233.00000,180.00000)
        Q4 (310.66666,247.79630) (405.99998,341.83334) (449.33333,423.20370) (449.00000,472.00000)
        Q3 (447.18750,558.93750) (330.31250,664.56250) (237.00000,666.00000)
        Q4 (180.17593,665.12038) (96.41666,612.58333) (50.32407,530.37964) (50.00000,485.00000)
        Q4 (50.89815,457.51851) (75.24998,433.66669) (100.60184,428.48149) (103.00000,429.00000)
        Q3 (117.40625,428.46875) (153.34375,451.78125) (155.00000,482.00000)
        Q3 (154.96875,502.31250) (128.28125,533.18750) (102.00000,534.00000)
        Q3 (96.21875,534.03125) (91.03125,533.71875) (89.00000,533.00000)
        Q3 (107.09375,582.03125) (179.65625,634.71875) (224.00000,635.00000)
        Q3 (292.09375,632.50000) (358.15625,536.00000) (358.00000,472.00000)
        Q3 (356.59375,411.50000) (295.65625,298.00000) (253.00000,251.00000)
        L1 (61.00000,37.00000)
        Q3 (53.09375,29.71875) (49.65625,17.03125) (50.00000,0.00000)
        L1 (421.00000,0.00000)
    GGO_BEZIER unhinted: 436 bytes, returned 436
      contour 436 bytes, start (449.00000,174.00000)
        L1 (424.00000,174.00000)
        C3 (419.00000,144.00000) (412.00000,100.00000) (402.00000,85.00000)
        C3 (395.00000,77.00000) (329.00000,77.00000) (307.00000,77.00000)
        L2 (127.00000,77.00000) (233.00000,180.00000)
        C3 (389.00000,318.00000) (449.00000,372.00000) (449.00000,472.00000)
        C3 (449.00000,586.00000) (359.00000,666.00000) (237.00000,666.00000)
        C3 (124.00000,666.00000) (50.00000,574.00000) (50.00000,485.00000)
        C3 (50.00000,429.00000) (100.00000,429.00000) (103.00000,429.00000)
        C3 (120.00000,429.00000) (155.00000,441.00000) (155.00000,482.00000)
        C3 (155.00000,508.00000) (137.00000,534.00000) (102.00000,534.00000)
        C3 (94.00000,534.00000) (92.00000,534.00000) (89.00000,533.00000)
        C3 (112.00000,598.00000) (166.00000,635.00000) (224.00000,635.00000)
        C3 (315.00000,635.00000) (358.00000,554.00000) (358.00000,472.00000)
        C3 (358.00000,392.00000) (308.00000,313.00000) (253.00000,251.00000)
        L1 (61.00000,37.00000)
        C3 (50.00000,26.00000) (50.00000,24.00000) (50.00000,0.00000)
        L1 (421.00000,0.00000)
  char 0x78
    GGO_METRICS: 27600, box 505x431 at (11,431), cell 528,0
    GGO_METRICS unhinted: 27600, box 505x431 at (11,431), cell 528,0
    GGO_METRICS rotated: 49996, box 648x617 at (-201,623), cell 457,-264
    GGO_BITMAP: 27584, box 505x431 at (11,431), cell 528,0
    GGO_GRAY2_BITMAP: 218948, box 505x431 at (11,431), cell 528,0
    GGO_GRAY8_BITMAP: 218948, box 505x431 at (11,431), cell 528,0
    GGO_NATIVE: 740 bytes, returned 740
      contour 740 bytes, start (516.00000,0.06250)
        L1 (516.00000,30.93750)
        Q3 (476.78125,30.15598) (436.96875,40.97212) (421.00000,61.94791)
        L1 (287.00000,235.00598)
        Q3 (310.18750,264.57840) (360.31250,327.47452) (379.00000,348.04391)
        Q3 (402.37500,374.83411) (462.62500,399.53027) (498.00000,400.06250)
        L1 (498.00000,430.93750)
        Q3 (478.25000,429.44363) (435.75000,427.94972) (416.00000,427.94971)
        Q3 (391.53125,428.04308) (331.71875,430.09724) (320.00000,430.93750)
        L1 (320.00000,400.06250)
        Q3 (335.59375,398.31110) (349.15625,381.30505) (349.00000,369.05096)
        Q3 (348.53125,356.92189) (338.21875,338.66576) (334.00000,334.03922)
        L2 (272.00000,256.01303) (194.00000,357.04694)
        Q3 (187.53125,364.17433) (184.71875,370.92661) (185.00000,375.05298)
        Q3 (185.31250,386.36925) (204.68750,399.24892) (220.00000,400.06250)
        L2 (220.00000,430.93750) (112.00000,427.94971)
        Q3 (94.81250,427.94971) (38.68750,429.44365) (17.00000,430.93750)
        L1 (17.00000,400.06250)
        Q4 (50.93518,400.59969) (85.58333,394.56009) (112.56480,368.51378) (135.00000,339.04089)
        L1 (234.00000,209.99759)
        Q4 (211.37038,181.03416) (186.99998,149.22719) (162.62961,118.42056) (140.00000,90.95764)
        Q3 (102.46875,49.13112) (29.28125,29.24944) (12.00000,30.93750)
        L1 (12.00000,0.06250)
        Q3 (31.81250,1.55646) (75.18750,3.05042) (95.00000,3.05042)
        L2 (190.00000,0.06250) (190.00000,30.93750)
        Q3 (173.75000,33.43834) (160.75000,50.44405) (161.00000,61.94791)
        Q3 (160.90625,77.57817) (205.34375,135.84772) (251.00000,188.99054)
        L1 (327.00000,88.95697)
        Q3 (333.56250,80.23531) (347.43750,60.91631) (348.00000,55.94589)
        Q3 (348.28125,48.56842) (331.96875,32.31297) (312.00000,30.93750)
        L2 (312.00000,0.06250) (420.00000,3.05042)
        Q3 (440.90625,3.05042) (492.84375,1.55646) (516.00000,0.06250)
    GGO_BEZIER: 724 bytes, returned 724
      contour 724 bytes, start (516.00000,0.06250)
        L1 (516.00000,30.93750)
        C3 (462.00000,30.93750) (444.00000,32.93817) (421.00000,61.94791)
        L1 (287.00000,235.00598)
        C3 (317.00000,273.01874) (355.00000,322.03519) (379.00000,348.04391)
        C3 (410.00000,384.05600) (451.00000,399.06104) (498.00000,400.06250)
        L1 (498.00000,430.93750)
        C3 (472.00000,428.94568) (442.00000,427.94971) (416.00000,427.94971)
        C3 (386.00000,427.94971) (333.00000,429.94165) (320.00000,430.93750)
        L1 (320.00000,400.06250)
        C3 (341.00000,398.06070) (349.00000,385.05634) (349.00000,369.05096)
        C3 (349.00000,353.04559) (339.00000,340.04123) (334.00000,334.03922)
        L2 (272.00000,256.01303) (194.00000,357.04694)
        C3 (185.00000,367.05029) (185.00000,369.05096) (185.00000,375.05298)
        C3 (185.00000,390.05801) (200.00000,399.06104) (220.00000,400.06250)
        L2 (220.00000,430.93750) (112.00000,427.94971)
        C3 (91.00000,427.94971) (44.00000,428.94568) (17.00000,430.93750)
        L1 (17.00000,400.06250)
        C3 (87.00000,400.06250) (88.00000,399.06104) (135.00000,339.04089)
        L1 (234.00000,209.99759)
        C3 (187.00000,149.97745) (187.00000,147.97678) (140.00000,90.95764)
        C3 (92.00000,32.93817) (33.00000,30.93750) (12.00000,30.93750)
        L1 (12.00000,0.06250)
        C3 (38.00000,2.05444) (69.00000,3.05042) (95.00000,3.05042)
        L2 (190.00000,0.06250) (190.00000,30.93750)
        C3 (168.00000,33.93851) (161.00000,46.94287) (161.00000,61.94791)
        C3 (161.00000,83.95529) (190.00000,116.96637) (251.00000,188.99054)
        L1 (327.00000,88.95697)
        C3 (335.00000,77.95328) (348.00000,61.94791) (348.00000,55.94589)
        C3 (348.00000,46.94287) (339.00000,31.93784) (312.00000,30.93750)
        L2 (312.00000,0.06250) (420.00000,3.05042)
        C3 (447.00000,3.05042) (486.00000,2.05444) (516.00000,0.06250)
    GGO_NATIVE unhinted: 740 bytes, returned 740
      contour 740 bytes, start (516.00000,0.00000)
        L1 (516.00000,31.00000)
        Q3 (476.78125,30.21875) (436.96875,41.03125) (421.00000,62.00000)
        L1 (287.00000,235.00000)
        Q3 (310.18750,264.56250) (360.31250,327.43750) (379.00000,348.00000)
        Q3 (402.37500,374.78125) (462.62500,399.46875) (498.00000,400.00000)
        L1 (498.00000,431.00000)
        Q3 (478.25000,429.50000) (435.75000,428.00000) (416.00000,428.00000)
        Q3 (391.53125,428.09375) (331.71875,430.15625) (320.00000,431.00000)
        L1 (320.00000,400.00000)
        Q3 (335.59375,398.25000) (349.15625,381.25000) (349.00000,369.00000)
        Q3 (348.53125,356.87500) (338.21875,338.62500) (334.00000,334.00000)
        L2 (272.00000,256.00000) (194.00000,357.00000)
        Q3 (187.53125,364.12500) (184.71875,370.87500) (185.00000,375.00000)
        Q3 (185.31250,386.31250) (204.68750,399.18750) (220.00000,400.00000)
        L2 (220.00000,431.00000) (112.00000,428.00000)
        Q3 (94.81250,428.00000) (38.68750,429.50000) (17.00000,431.00000)
        L1 (17.00000,400.00000)
        Q4 (50.93518,400.53703) (85.58333,394.50000) (112.56480,368.46297) (135.00000,339.00000)
        L1 (234.00000,210.00000)
        Q4 (211.37038,181.04630) (186.99998,149.25002) (162.62961,118.45372) (140.00000,91.00000)
        Q3 (102.46875,49.18750) (29.28125,29.31250) (12.00000,31.00000)
        L1 (12.00000,0.00000)
        Q3 (31.81250,1.50000) (75.18750,3.00000) (95.00000,3.00000)
        L2 (190.00000,0.00000) (190.00000,31.00000)
        Q3 (173.75000,33.50000) (160.75000,50.50000) (161.00000,62.00000)
        Q3 (160.90625,77.62500) (205.34375,135.87500) (251.00000,189.00000)
        L1 (327.00000,89.00000)
        Q3 (333.56250,80.28125) (347.43750,60.96875) (348.00000,56.00000)
        Q3 (348.28125,48.62500) (331.96875,32.37500) (312.00000,31.00000)
        L2 (312.00000,0.00000) (420.00000,3.00000)
        Q3 (440.90625,3.00000) (492.84375,1.50000) (516.00000,0.00000)
    GGO_BEZIER unhinted: 724 bytes, returned 724
      contour 724 bytes, start (516.00000,0.00000)
        L1 (516.00000,31.00000)
        C3 (462.00000,31.00000) (444.00000,33.00000) (421.00000,62.00000)
        L1 (287.00000,235.00000)
        C3 (317.00000,273.00000) (355.00000,322.00000) (379.00000,348.00000)
        C3 (410.00000,384.00000) (451.00000,399.00000) (498.00000,400.00000)
        L1 (498.00000,431.00000)
        C3 (472.00000,429.00000) (442.00000,428.00000) (416.00000,428.00000)
        C3 (386.00000,428.00000) (333.00000,430.00000) (320.00000,431.00000)
        L1 (320.00000,400.00000)
        C3 (341.00000,398.00000) (349.00000,385.00000) (349.00000,369.00000)
        C3 (349.00000,353.00000) (339.00000,340.00000) (334.00000,334.00000)
        L2 (272.00000,256.00000) (194.00000,357.00000)
        C3 (185.00000,367.00000) (185.00000,369.00000) (185.00000,375.00000)
        C3 (185.00000,390.00000) (200.00000,399.00000) (220.00000,400.00000)
        L2 (220.00000,431.00000) (112.00000,428.00000)
        C3 (91.00000,428.00000) (44.00000,429.00000) (17.00000,431.00000)
        L1 (17.00000,400.00000)
        C3 (87.00000,400.00000) (88.00000,399.00000) (135.00000,339.00000)
        L1 (234.00000,210.00000)
        C3 (187.00000,150.00000) (187.00000,148.00000) (140.00000,91.00000)
        C3 (92.00000,33.00000) (33.00000,31.00000) (12.00000,31.00000)
        L1 (12.00000,0.00000)
        C3 (38.00000,2.00000) (69.00000,3.00000) (95.00000,3.00000)
        L2 (190.00000,0.00000) (190.00000,31.00000)
        C3 (168.00000,34.00000) (161.00000,47.00000) (161.00000,62.00000)
        C3 (161.00000,84.00000) (190.00000,117.00000) (251.00000,189.00000)
        L1 (327.00000,89.00000)
        C3 (335.00000,78.00000) (348.00000,62.00000) (348.00000,56.00000)
        C3 (348.00000,47.00000) (339.00000,32.00000) (312.00000,31.00000)
        L2 (312.00000,0.00000) (420.00000,3.00000)
        C3 (447.00000,3.00000) (486.00000,2.00000) (516.00000,0.00000)
height -1000, quality nonantialiased: face Latin Modern Math, tmHeight 6620 ascent 3560
  char 0x61
    GGO_METRICS: 26180, box 451x459 at (32,448), cell 500,0
  char 0x32
    GGO_METRICS: 33316, box 399x666 at (50,666), cell 500,0
  char 0x78
    GGO_METRICS: 27600, box 505x431 at (11,431), cell 528,0
height -1000, quality antialiased: face Latin Modern Math, tmHeight 6620 ascent 3560
  char 0x61
    GGO_METRICS: 26180, box 451x459 at (32,448), cell 500,0
  char 0x32
    GGO_METRICS: 33316, box 399x666 at (50,666), cell 500,0
  char 0x78
    GGO_METRICS: 27600, box 505x431 at (11,431), cell 528,0
height -1000, quality cleartype: face Latin Modern Math, tmHeight 6620 ascent 3560
  char 0x61
    GGO_METRICS: 26180, box 451x459 at (32,448), cell 500,0
  char 0x32
    GGO_METRICS: 33316, box 399x666 at (50,666), cell 500,0
  char 0x78
    GGO_METRICS: 27600, box 505x431 at (11,431), cell 528,0
