AddFontResourceEx: 1
height -92, quality default: face Liberation Sans, tmHeight 102 ascent 83
  char 0x61
    GGO_METRICS: 324, box 47x51 at (4,50), cell 51,0
    GGO_METRICS unhinted: 324, box 47x51 at (4,50), cell 51,0
    GGO_METRICS rotated: 456, box 62x55 at (-18,60), cell 44,-26
    GGO_BITMAP: 408, box 47x51 at (4,50), cell 51,0
    GGO_GRAY2_BITMAP: 2448, box 47x51 at (4,50), cell 51,0
    GGO_GRAY8_BITMAP: 2448, box 48x51 at (3,50), cell 51,0
    GGO_NATIVE: 504 bytes, returned 504
      contour 368 bytes, start (18.51563,-1.00000)
        Q3 (11.23438,-1.00000) (3.89063,6.84375) (3.89063,13.67188)
        Q3 (3.89063,21.34375) (13.76563,29.54688) (24.78125,29.81250)
        L2 (35.64063,30.00000) (35.64063,32.70313)
        Q3 (35.64063,38.76563) (30.64063,44.00000) (25.29688,44.00000)
        Q3 (19.89063,44.00000) (14.98438,40.18750) (14.50000,36.00000)
        L1 (6.04688,36.76563)
        Q2 (8.10938,50.00000) (25.46875,50.00000)
        Q3 (34.60938,50.00000) (43.82813,41.51563) (43.82813,33.46875)
        L1 (43.82813,12.31250)
        Q3 (43.82813,8.67188) (45.70313,5.00000) (48.35938,5.00000)
        Q2 (49.51563,5.00000) (51.00000,5.31250)
        L1 (51.00000,-0.20313)
        Q2 (47.95313,-1.00000) (44.76563,-1.00000)
        Q3 (40.28125,-1.00000) (36.18750,3.98438) (35.92188,9.31250)
        L1 (35.65625,9.31250)
        Q3 (32.56250,3.67188) (24.37500,-1.00000) (18.51563,-1.00000)
      contour 136 bytes, start (20.37500,5.00000)
        Q4 (24.79688,5.00000) (31.67188,9.07813) (35.64063,16.20313) (35.64063,19.96875)
        L2 (35.64063,24.00000) (26.84375,23.81250)
        Q4 (21.17188,23.73438) (15.32813,21.54688) (12.20313,17.01563) (12.20313,13.34375)
        Q3 (12.20313,9.35938) (16.43750,5.00000) (20.37500,5.00000)
    GGO_BEZIER: 824 bytes, returned 824
      contour 584 bytes, start (18.51563,-1.00000)
        C6 (13.66147,-0.99998) (10.01042,0.30730) (7.56250,2.92188) (5.11459,5.53647) (3.89063,9.11980) (3.89063,13.67188)
        C6 (3.89063,18.78647) (5.53647,22.71094) (8.82813,25.44531) (12.11980,28.17969) (17.43750,29.63542) (24.78125,29.81250)
        L2 (35.64063,30.00000) (35.64063,32.70313)
        C6 (35.64063,36.74480) (34.80730,39.63803) (33.14063,41.38281) (31.47397,43.12761) (28.85938,44.00000) (25.29688,44.00000)
        C6 (21.69272,44.00000) (19.07292,43.36459) (17.43750,42.09375) (15.80209,40.82292) (14.82292,38.79167) (14.50000,36.00000)
        L1 (6.04688,36.76563)
        C3 (7.42188,45.58855) (13.89584,50.00000) (25.46875,50.00000)
        C6 (31.56250,50.00000) (36.14584,48.58594) (39.21875,45.75781) (42.29167,42.92969) (43.82813,38.83334) (43.82813,33.46875)
        L1 (43.82813,12.31250)
        C6 (43.82813,9.88542) (44.14063,8.05991) (44.76563,6.83594) (45.39063,5.61198) (46.58855,5.00000) (48.35938,5.00000)
        C3 (49.13022,5.00000) (50.01042,5.10417) (51.00000,5.31250)
        L1 (51.00000,-0.20313)
        C3 (48.96875,-0.73436) (46.89063,-0.99998) (44.76563,-1.00000)
        C6 (41.77605,-0.99998) (39.59897,-0.16925) (38.23438,1.49219) (36.86980,3.15366) (36.09897,5.76042) (35.92188,9.31250)
        L1 (35.65625,9.31250)
        C6 (33.59375,5.55209) (31.19792,2.89323) (28.46875,1.33594) (25.73959,-0.22134) (22.42188,-0.99998) (18.51563,-1.00000)
      contour 240 bytes, start (20.37500,5.00000)
        C9 (23.32292,5.00000) (25.94272,5.67969) (28.23438,7.03906) (30.52605,8.39844) (32.33334,10.26563) (33.65625,12.64063) (34.97917,15.01563) (35.64063,17.45834) (35.64063,19.96875)
        L2 (35.64063,24.00000) (26.84375,23.81250)
        C9 (23.06250,23.76042) (20.19792,23.36980) (18.25000,22.64063) (16.30209,21.91147) (14.80730,20.79167) (13.76563,19.28125) (12.72397,17.77084) (12.20313,15.79167) (12.20313,13.34375)
        C6 (12.20313,10.68750) (12.90886,8.63281) (14.32031,7.17969) (15.73178,5.72656) (17.75000,5.00000) (20.37500,5.00000)
    GGO_NATIVE unhinted: 504 bytes, returned 504
      contour 368 bytes, start (18.59375,-0.89063)
        Q3 (11.28125,-0.89063) (3.90625,6.82813) (3.90625,13.56250)
        Q3 (3.90625,21.10938) (13.84375,29.20313) (24.89063,29.46875)
        L2 (35.79688,29.65625) (35.79688,32.29688)
        Q3 (35.79688,38.23438) (30.76563,43.34375) (25.37500,43.34375)
        Q3 (19.95313,43.34375) (15.00000,39.67188) (14.51563,35.62500)
        L1 (6.06250,36.39063)
        Q2 (8.12500,49.50000) (25.56250,49.50000)
        Q3 (34.71875,49.50000) (43.98438,41.10938) (43.98438,33.15625)
        L1 (43.98438,12.21875)
        Q3 (43.98438,8.62500) (45.85938,4.98438) (48.51563,4.98438)
        Q2 (49.68750,4.98438) (51.17188,5.29688)
        L1 (51.17188,0.26563)
        Q2 (48.10938,-0.45313) (44.92188,-0.45313)
        Q3 (40.43750,-0.45313) (36.34375,4.26563) (36.07813,9.29688)
        L1 (35.79688,9.29688)
        Q3 (32.70313,3.73438) (24.48438,-0.89063) (18.59375,-0.89063)
      contour 136 bytes, start (20.43750,5.17188)
        Q4 (24.89063,5.17188) (31.81250,9.20313) (35.79688,16.26563) (35.79688,19.98438)
        L2 (35.79688,23.98438) (26.95313,23.81250)
        Q4 (21.25000,23.71875) (15.35938,21.56250) (12.21875,17.07813) (12.21875,13.43750)
        Q3 (12.21875,9.48438) (16.48438,5.17188) (20.43750,5.17188)
    GGO_BEZIER unhinted: 824 bytes, returned 824
      contour 584 bytes, start (18.59375,-0.89063)
        C6 (13.71875,-0.89061) (10.05209,0.39584) (7.59375,2.96875) (5.13542,5.54167) (3.90625,9.07292) (3.90625,13.56250)
        C6 (3.90625,18.59375) (5.56250,22.45834) (8.87500,25.15625) (12.18750,27.85417) (17.52605,29.29167) (24.89063,29.46875)
        L2 (35.79688,29.65625) (35.79688,32.29688)
        C6 (35.79688,36.25522) (34.95834,39.08594) (33.28125,40.78906) (31.60417,42.49219) (28.96875,43.34375) (25.37500,43.34375)
        C6 (21.76042,43.34375) (19.12761,42.73178) (17.47656,41.50781) (15.82553,40.28386) (14.83855,38.32292) (14.51563,35.62500)
        L1 (6.06250,36.39063)
        C3 (7.43750,45.13022) (13.93750,49.50000) (25.56250,49.50000)
        C6 (31.66667,49.50000) (36.26303,48.10156) (39.35156,45.30469) (42.44011,42.50781) (43.98438,38.45834) (43.98438,33.15625)
        L1 (43.98438,12.21875)
        C6 (43.98438,9.82292) (44.29688,8.01823) (44.92188,6.80469) (45.54688,5.59116) (46.74480,4.98438) (48.51563,4.98438)
        C3 (49.29688,4.98438) (50.18230,5.08855) (51.17188,5.29688)
        L1 (51.17188,0.26563)
        C3 (49.13022,-0.21353) (47.04688,-0.45311) (44.92188,-0.45313)
        C6 (41.93230,-0.45311) (39.75522,0.33334) (38.39063,1.90625) (37.02605,3.47917) (36.25522,5.94272) (36.07813,9.29688)
        L1 (35.79688,9.29688)
        C6 (33.73438,5.58855) (31.33334,2.96355) (28.59375,1.42188) (25.85417,-0.11978) (22.52084,-0.89061) (18.59375,-0.89063)
      contour 240 bytes, start (20.43750,5.17188)
        C9 (23.40625,5.17188) (26.04428,5.84375) (28.35156,7.18750) (30.65886,8.53125) (32.47656,10.38022) (33.80469,12.73438) (35.13281,15.08855) (35.79688,17.50522) (35.79688,19.98438)
        L2 (35.79688,23.98438) (26.95313,23.81250)
        C9 (23.15105,23.75000) (20.26823,23.35938) (18.30469,22.64063) (16.34116,21.92188) (14.83594,20.81511) (13.78906,19.32031) (12.74219,17.82553) (12.21875,15.86459) (12.21875,13.43750)
        C6 (12.21875,10.80209) (12.92969,8.76563) (14.35156,7.32813) (15.77344,5.89063) (17.80209,5.17188) (20.43750,5.17188)
  char 0x4f
    GGO_METRICS: 536, box 64x65 at (4,64), cell 72,0
    GGO_METRICS unhinted: 536, box 64x65 at (4,64), cell 72,0
    GGO_METRICS rotated: 620, box 68x67 at (-20,79), cell 62,-36
    GGO_BITMAP: 520, box 64x65 at (4,64), cell 72,0
    GGO_GRAY2_BITMAP: 4160, box 64x65 at (4,64), cell 72,0
    GGO_GRAY8_BITMAP: 4160, box 64x65 at (4,64), cell 72,0
    GGO_NATIVE: 280 bytes, returned 280
      contour 152 bytes, start (67.57813,31.76563)
        Q4 (67.57813,21.85938) (59.93750,6.98438) (45.65625,-1.00000) (35.93750,-1.00000)
        Q4 (26.12500,-1.00000) (11.89063,6.89063) (4.39063,21.81250) (4.39063,31.76563)
        Q3 (4.39063,46.92188) (21.10938,64.00000) (36.03125,64.00000)
        Q4 (45.75000,64.00000) (60.03125,56.32813) (67.57813,41.71875) (67.57813,31.76563)
      contour 128 bytes, start (58.82813,31.79688)
        Q3 (58.82813,43.56250) (46.90625,57.00000) (36.03125,57.00000)
        Q3 (25.07813,57.00000) (13.10938,43.75000) (13.10938,31.79688)
        Q3 (13.10938,19.92188) (25.20313,6.00000) (35.95313,6.00000)
        Q3 (47.00000,6.00000) (58.82813,19.48438) (58.82813,31.79688)
    GGO_BEZIER: 520 bytes, returned 520
      contour 296 bytes, start (67.57813,31.76563)
        C9 (67.57813,25.16147) (66.30469,19.38022) (63.75781,14.42188) (61.21094,9.46355) (57.55730,5.65366) (52.79688,2.99219) (48.03647,0.33073) (42.41667,-0.99998) (35.93750,-1.00000)
        C9 (29.39584,-0.99998) (23.75261,0.31511) (19.00781,2.94531) (14.26303,5.57553) (10.64063,9.37761) (8.14063,14.35156) (5.64063,19.32553) (4.39063,25.13022) (4.39063,31.76563)
        C6 (4.39063,41.86980) (7.17709,49.76823) (12.75000,55.46094) (18.32292,61.15366) (26.08334,64.00000) (36.03125,64.00000)
        C9 (42.51042,64.00000) (48.13022,62.72136) (52.89063,60.16406) (57.65105,57.60678) (61.28906,53.89323) (63.80469,49.02344) (66.32031,44.15366) (67.57813,38.40105) (67.57813,31.76563)
      contour 224 bytes, start (58.82813,31.79688)
        C6 (58.82813,39.64063) (56.84116,45.80209) (52.86719,50.28125) (48.89323,54.76042) (43.28125,57.00000) (36.03125,57.00000)
        C6 (28.72917,57.00000) (23.08334,54.79167) (19.09375,50.37500) (15.10417,45.95834) (13.10938,39.76563) (13.10938,31.79688)
        C6 (13.10938,23.88022) (15.12500,17.60156) (19.15625,12.96094) (23.18750,8.32031) (28.78647,6.00000) (35.95313,6.00000)
        C6 (43.31772,6.00000) (48.97136,8.24741) (52.91406,12.74219) (56.85678,17.23698) (58.82813,23.58855) (58.82813,31.79688)
    GGO_NATIVE unhinted: 280 bytes, returned 280
      contour 152 bytes, start (67.15625,31.93750)
        Q4 (67.15625,22.01563) (59.56250,7.09375) (45.37500,-0.89063) (35.71875,-0.89063)
        Q4 (25.96875,-0.89063) (11.81250,7.01563) (4.35938,21.96875) (4.35938,31.93750)
        Q3 (4.35938,47.12500) (20.98438,64.23438) (35.79688,64.23438)
        Q4 (45.46875,64.23438) (59.65625,56.56250) (67.15625,41.90625) (67.15625,31.93750)
      contour 128 bytes, start (58.40625,31.93750)
        Q3 (58.40625,43.75000) (46.57813,57.23438) (35.79688,57.23438)
        Q3 (24.93750,57.23438) (13.07813,43.93750) (13.07813,31.93750)
        Q3 (13.07813,20.03125) (25.06250,6.06250) (35.71875,6.06250)
        Q3 (46.67188,6.06250) (58.40625,19.59375) (58.40625,31.93750)
    GGO_BEZIER unhinted: 520 bytes, returned 520
      contour 296 bytes, start (67.15625,31.93750)
        C9 (67.15625,25.32292) (65.89063,19.52866) (63.35938,14.55469) (60.82813,9.58073) (57.19792,5.76303) (52.46875,3.10156) (47.73959,0.44011) (42.15625,-0.89061) (35.71875,-0.89063)
        C9 (29.21875,-0.89061) (23.60938,0.42709) (18.89063,3.06250) (14.17188,5.69792) (10.57031,9.50781) (8.08594,14.49219) (5.60156,19.47656) (4.35938,25.29167) (4.35938,31.93750)
        C6 (4.35938,42.06250) (7.13022,49.97656) (12.67188,55.67969) (18.21355,61.38281) (25.92188,64.23438) (35.79688,64.23438)
        C9 (42.24480,64.23438) (47.83334,62.95573) (52.56250,60.39844) (57.29167,57.84116) (60.90625,54.11980) (63.40625,49.23438) (65.90625,44.34897) (67.15625,38.58334) (67.15625,31.93750)
      contour 224 bytes, start (58.40625,31.93750)
        C6 (58.40625,39.81250) (56.43491,45.99741) (52.49219,50.49219) (48.54948,54.98698) (42.98438,57.23438) (35.79688,57.23438)
        C6 (28.55730,57.23438) (22.96094,55.01823) (19.00781,50.58594) (15.05469,46.15366) (13.07813,39.93750) (13.07813,31.93750)
        C6 (13.07813,24.00000) (15.07553,17.70313) (19.07031,13.04688) (23.06511,8.39063) (28.61459,6.06250) (35.71875,6.06250)
        C6 (43.02084,6.06250) (48.62761,8.31772) (52.53906,12.82813) (56.45053,17.33855) (58.40625,23.70834) (58.40625,31.93750)
  char 0x26
    GGO_METRICS: 536, box 57x65 at (3,64), cell 61,0
    GGO_METRICS unhinted: 536, box 57x65 at (3,64), cell 61,0
    GGO_METRICS rotated: 628, box 67x68 at (-15,74), cell 53,-31
    GGO_BITMAP: 520, box 57x65 at (3,64), cell 61,0
    GGO_GRAY2_BITMAP: 3900, box 57x65 at (3,64), cell 61,0
    GGO_GRAY8_BITMAP: 3900, box 57x65 at (3,64), cell 61,0
    GGO_NATIVE: 608 bytes, returned 608
      contour 368 bytes, start (53.28125,-1.00000)
        Q2 (45.37500,-1.00000) (39.96875,5.04688)
        Q3 (36.62500,2.14063) (28.04688,-1.00000) (23.35938,-1.00000)
        Q3 (13.75000,-1.00000) (3.21875,8.37500) (3.21875,16.70313)
        Q2 (3.21875,29.28125) (18.53125,36.12500)
        Q3 (17.06250,38.92188) (14.92188,46.60938) (14.92188,49.76563)
        Q3 (14.92188,56.54688) (23.09375,64.00000) (30.59375,64.00000)
        Q3 (37.32813,64.00000) (45.59375,57.06250) (45.59375,51.03125)
        Q3 (45.59375,45.64063) (37.42188,37.23438) (27.32813,33.12500)
        Q2 (32.28125,23.92188) (40.40625,14.64063)
        Q2 (45.43750,22.07813) (48.03125,33.00000)
        L1 (54.53125,31.07813)
        Q2 (51.71875,19.92188) (45.06250,10.06250)
        Q2 (49.34375,5.00000) (54.35938,5.00000)
        Q2 (57.53125,5.00000) (59.57813,5.71875)
        L1 (59.57813,-0.06250)
        Q2 (57.07813,-1.00000) (53.28125,-1.00000)
      contour 128 bytes, start (38.76563,50.84375)
        Q3 (38.76563,54.00000) (34.32813,58.00000) (30.50000,58.00000)
        Q3 (26.23438,58.00000) (21.79688,53.46875) (21.79688,49.46875)
        Q2 (21.79688,44.46875) (24.65625,38.75000)
        Q4 (30.48438,41.07813) (35.96875,44.50000) (38.76563,48.46875) (38.76563,50.84375)
      contour 112 bytes, start (35.50000,9.60938)
        Q2 (26.65625,20.10938) (21.25000,30.10938)
        Q2 (10.76563,25.65625) (10.76563,16.68750)
        Q3 (10.76563,11.28125) (17.67188,5.00000) (23.64063,5.00000)
        Q3 (26.81250,5.00000) (33.14063,7.39063) (35.50000,9.60938)
    GGO_BEZIER: 976 bytes, returned 976
      contour 576 bytes, start (53.28125,-1.00000)
        C3 (48.01042,-0.99998) (43.57292,1.01563) (39.96875,5.04688)
        C6 (37.73959,3.10938) (35.19531,1.61719) (32.33594,0.57031) (29.47656,-0.47655) (26.48438,-0.99998) (23.35938,-1.00000)
        C6 (16.95313,-0.99998) (11.99480,0.56250) (8.48438,3.68750) (4.97397,6.81250) (3.21875,11.15105) (3.21875,16.70313)
        C3 (3.21875,25.08855) (8.32292,31.56250) (18.53125,36.12500)
        C6 (17.55209,37.98959) (16.70573,40.20313) (15.99219,42.76563) (15.27866,45.32813) (14.92188,47.66147) (14.92188,49.76563)
        C6 (14.92188,54.28647) (16.28386,57.78906) (19.00781,60.27344) (21.73178,62.75781) (25.59375,64.00000) (30.59375,64.00000)
        C6 (35.08334,64.00000) (38.70573,62.84375) (41.46094,60.53125) (44.21616,58.21875) (45.59375,55.05209) (45.59375,51.03125)
        C6 (45.59375,47.43750) (44.23178,44.23959) (41.50781,41.43750) (38.78386,38.63542) (34.05730,35.86459) (27.32813,33.12500)
        C3 (30.63022,26.98959) (34.98959,20.82813) (40.40625,14.64063)
        C3 (43.76042,19.59897) (46.30209,25.71875) (48.03125,33.00000)
        L1 (54.53125,31.07813)
        C3 (52.65625,23.64063) (49.50000,16.63542) (45.06250,10.06250)
        C3 (47.91667,6.68750) (51.01563,5.00000) (54.35938,5.00000)
        C3 (56.47397,5.00000) (58.21355,5.23959) (59.57813,5.71875)
        L1 (59.57813,-0.06250)
        C3 (57.91147,-0.68748) (55.81250,-0.99998) (53.28125,-1.00000)
      contour 224 bytes, start (38.76563,50.84375)
        C6 (38.76563,52.94792) (38.02605,54.66667) (36.54688,56.00000) (35.06772,57.33334) (33.05209,58.00000) (30.50000,58.00000)
        C6 (27.65625,58.00000) (25.49480,57.24480) (24.01563,55.73438) (22.53647,54.22397) (21.79688,52.13542) (21.79688,49.46875)
        C3 (21.79688,46.13542) (22.75000,42.56250) (24.65625,38.75000)
        C9 (28.54167,40.30209) (31.39844,41.64844) (33.22656,42.78906) (35.05469,43.92969) (36.43491,45.16147) (37.36719,46.48438) (38.29948,47.80730) (38.76563,49.26042) (38.76563,50.84375)
      contour 176 bytes, start (35.50000,9.60938)
        C3 (29.60417,16.60938) (24.85417,23.44272) (21.25000,30.10938)
        C3 (14.26042,27.14063) (10.76563,22.66667) (10.76563,16.68750)
        C6 (10.76563,13.08334) (11.91667,10.23438) (14.21875,8.14063) (16.52084,6.04688) (19.66147,5.00000) (23.64063,5.00000)
        C6 (25.75522,5.00000) (27.86719,5.39844) (29.97656,6.19531) (32.08594,6.99219) (33.92709,8.13022) (35.50000,9.60938)
    GGO_NATIVE unhinted: 608 bytes, returned 608
      contour 368 bytes, start (53.59375,-0.53125)
        Q2 (45.64063,-0.53125) (40.20313,5.17188)
        Q3 (36.84375,2.25000) (28.21875,-0.89063) (23.50000,-0.89063)
        Q3 (13.84375,-0.89063) (3.23438,8.40625) (3.23438,16.67188)
        Q2 (3.23438,29.15625) (18.64063,35.93750)
        Q3 (17.15625,38.71875) (15.00000,46.35938) (15.00000,49.50000)
        Q3 (15.00000,56.25000) (23.21875,63.65625) (30.76563,63.65625)
        Q3 (37.56250,63.65625) (45.85938,56.82813) (45.85938,50.89063)
        Q3 (45.85938,45.59375) (37.64063,37.32813) (27.50000,33.28125)
        Q2 (32.48438,24.07813) (40.65625,14.78125)
        Q2 (45.73438,22.23438) (48.34375,33.20313)
        L1 (54.84375,31.26563)
        Q2 (52.01563,20.07813) (45.32813,10.20313)
        Q2 (49.64063,5.79688) (54.67188,5.79688)
        Q2 (57.85938,5.79688) (59.92188,6.51563)
        L1 (59.92188,0.45313)
        Q2 (57.40625,-0.53125) (53.59375,-0.53125)
      contour 128 bytes, start (39.03125,50.89063)
        Q3 (39.03125,54.12500) (34.54688,58.21875) (30.68750,58.21875)
        Q3 (26.37500,58.21875) (21.87500,53.59375) (21.87500,49.50000)
        Q2 (21.87500,44.39063) (24.79688,38.54688)
        Q4 (30.68750,40.92188) (36.20313,44.42188) (39.03125,48.46875) (39.03125,50.89063)
      contour 112 bytes, start (35.71875,9.75000)
        Q2 (26.81250,20.26563) (21.39063,30.28125)
        Q2 (10.78125,25.78125) (10.78125,16.75000)
        Q3 (10.78125,11.32813) (17.75000,4.98438) (23.76563,4.98438)
        Q3 (26.95313,4.98438) (33.32813,7.45313) (35.71875,9.75000)
    GGO_BEZIER unhinted: 976 bytes, returned 976
      contour 576 bytes, start (53.59375,-0.53125)
        C3 (48.29167,-0.53123) (43.82813,1.36980) (40.20313,5.17188)
        C6 (37.96355,3.22397) (35.40625,1.72656) (32.53125,0.67969) (29.65625,-0.36717) (26.64584,-0.89061) (23.50000,-0.89063)
        C6 (17.06250,-0.89061) (12.07553,0.65886) (8.53906,3.75781) (5.00261,6.85678) (3.23438,11.16147) (3.23438,16.67188)
        C3 (3.23438,24.99480) (8.36980,31.41667) (18.64063,35.93750)
        C6 (17.65105,37.79167) (16.79688,39.99219) (16.07813,42.53906) (15.35938,45.08594) (15.00000,47.40625) (15.00000,49.50000)
        C6 (15.00000,54.00000) (16.36980,57.48438) (19.10938,59.95313) (21.84897,62.42188) (25.73438,63.65625) (30.76563,63.65625)
        C6 (35.29688,63.65625) (38.94531,62.51823) (41.71094,60.24219) (44.47656,57.96616) (45.85938,54.84897) (45.85938,50.89063)
        C6 (45.85938,47.35938) (44.48959,44.21616) (41.75000,41.46094) (39.01042,38.70573) (34.26042,35.97917) (27.50000,33.28125)
        C3 (30.82292,27.14584) (35.20834,20.97917) (40.65625,14.78125)
        C3 (44.04167,19.75000) (46.60417,25.89063) (48.34375,33.20313)
        L1 (54.84375,31.26563)
        C3 (52.95834,23.80730) (49.78647,16.78647) (45.32813,10.20313)
        C3 (48.20313,7.26563) (51.31772,5.79688) (54.67188,5.79688)
        C3 (56.79688,5.79688) (58.54688,6.03647) (59.92188,6.51563)
        L1 (59.92188,0.45313)
        C3 (58.24480,-0.20311) (56.13542,-0.53123) (53.59375,-0.53125)
      contour 224 bytes, start (39.03125,50.89063)
        C6 (39.03125,53.04688) (38.28386,54.80730) (36.78906,56.17188) (35.29428,57.53647) (33.26042,58.21875) (30.68750,58.21875)
        C6 (27.81250,58.21875) (25.62500,57.44792) (24.12500,55.90625) (22.62500,54.36459) (21.87500,52.22917) (21.87500,49.50000)
        C3 (21.87500,46.09375) (22.84897,42.44272) (24.79688,38.54688)
        C9 (28.72397,40.13022) (31.60678,41.50522) (33.44531,42.67188) (35.28386,43.83855) (36.67448,45.09636) (37.61719,46.44531) (38.55991,47.79428) (39.03125,49.27605) (39.03125,50.89063)
      contour 176 bytes, start (35.71875,9.75000)
        C3 (29.78125,16.76042) (25.00522,23.60417) (21.39063,30.28125)
        C3 (14.31772,27.28125) (10.78125,22.77084) (10.78125,16.75000)
        C6 (10.78125,13.13542) (11.94272,10.27084) (14.26563,8.15625) (16.58855,6.04167) (19.75522,4.98438) (23.76563,4.98438)
        C6 (25.89063,4.98438) (28.01563,5.39584) (30.14063,6.21875) (32.26563,7.04167) (34.12500,8.21875) (35.71875,9.75000)
height -92, quality nonantialiased: face Liberation Sans, tmHeight 102 ascent 83
  char 0x61
    GGO_METRICS: 324, box 47x51 at (4,50), cell 51,0
  char 0x4f
    GGO_METRICS: 536, box 64x65 at (4,64), cell 72,0
  char 0x26
    GGO_METRICS: 536, box 57x65 at (3,64), cell 61,0
height -92, quality antialiased: face Liberation Sans, tmHeight 102 ascent 83
  char 0x61
    GGO_METRICS: 324, box 47x51 at (4,50), cell 51,0
  char 0x4f
    GGO_METRICS: 536, box 64x65 at (4,64), cell 72,0
  char 0x26
    GGO_METRICS: 536, box 57x65 at (3,64), cell 61,0
height -92, quality cleartype: face Liberation Sans, tmHeight 102 ascent 83
  char 0x61
    GGO_METRICS: 324, box 47x51 at (4,50), cell 51,0
  char 0x4f
    GGO_METRICS: 536, box 64x65 at (4,64), cell 72,0
  char 0x26
    GGO_METRICS: 536, box 57x65 at (3,64), cell 61,0
