AddFontResourceEx: 1
height -1000, quality default: face Nimbus Sans, tmHeight 1374 ascent 1075
  char 0x61
    GGO_METRICS: 34860, box 493x562 at (42,539), cell 556,0
    GGO_METRICS unhinted: 34860, box 493x562 at (42,539), cell 556,0
    GGO_METRICS rotated: 46628, box 626x590 at (-155,647), cell 482,-278
    GGO_BITMAP: 35968, box 493x562 at (42,539), cell 556,0
    GGO_GRAY2_BITMAP: 278752, box 493x562 at (42,539), cell 556,0
    GGO_GRAY8_BITMAP: 278752, box 493x562 at (42,539), cell 556,0
    GGO_NATIVE: 616 bytes, returned 616
      contour 452 bytes, start (534.93750,48.93945)
        Q3 (528.37500,47.50441) (520.50000,46.88048) (516.93750,46.94287)
        Q3 (495.09375,47.06752) (472.03125,68.31851) (471.93750,87.94910)
        L1 (471.93750,396.04309)
        Q3 (471.72612,465.98932) (371.99345,538.72308) (275.00879,538.93750)
        Q3 (216.94751,538.78152) (128.23360,507.39528) (100.97787,478.03662)
        Q3 (83.19092,458.39702) (66.34012,407.45381) (65.02951,369.03485)
        L1 (148.94727,369.03485)
        Q3 (153.91844,416.86189) (213.76015,462.25011) (272.00732,462.06250)
        Q3 (329.22263,461.87498) (388.87503,421.73840) (389.06250,384.03943)
        L1 (389.06250,362.03271)
        Q3 (389.34529,335.61841) (352.01518,310.17314) (302.02197,304.01501)
        Q4 (244.04922,296.69797) (182.13011,287.17654) (148.89168,278.32199) (133.93994,272.00525)
        Q3 (88.21759,252.56181) (42.09340,182.91559) (42.06250,131.96252)
        Q3 (42.86874,59.93584) (133.66440,-22.16272) (213.97900,-22.93750)
        Q3 (262.90938,-23.18732) (348.38611,13.75189) (392.05797,53.93872)
        Q3 (396.30125,13.75189) (437.74152,-23.18732) (477.93750,-22.93750)
        Q3 (490.68750,-23.03110) (514.68750,-19.10031) (534.93750,-13.95288)
      contour 164 bytes, start (389.06250,164.97260)
        Q3 (389.34401,144.49759) (374.52599,113.67569) (356.04834,96.95184)
        Q3 (330.56715,73.66350) (268.72447,49.96877) (231.98779,49.93750)
        Q3 (182.87007,50.21884) (129.28142,93.91968) (128.93750,133.96313)
        Q3 (128.37473,174.85062) (188.02884,220.61458) (254.99902,229.99243)
        Q4 (298.75188,235.83681) (347.46065,244.08006) (375.82550,252.65675) (389.06250,259.00128)
    GGO_BEZIER: 600 bytes, returned 600
      contour 444 bytes, start (534.93750,48.93945)
        C3 (525.93750,46.94287) (521.93750,46.94287) (516.93750,46.94287)
        C3 (487.93750,46.94287) (471.93750,61.94116) (471.93750,87.94910)
        L1 (471.93750,396.04309)
        C3 (471.93750,489.01883) (404.03984,538.93750) (275.00879,538.93750)
        C3 (197.97119,538.93750) (136.94141,516.97354) (100.97787,478.03662)
        C3 (77.01230,451.05988) (67.02664,421.05072) (65.02951,369.03485)
        L1 (148.94727,369.03485)
        C3 (155.95068,433.05438) (193.96924,462.06250) (272.00732,462.06250)
        C3 (348.04443,462.06250) (389.06250,434.05469) (389.06250,384.03943)
        L1 (389.06250,362.03271)
        C3 (388.06396,326.02173) (370.05518,313.01776) (302.02197,304.01501)
        C3 (183.96436,289.01044) (165.95557,285.00922) (133.93994,272.00525)
        C3 (73.01804,245.99731) (42.06250,199.98328) (42.06250,131.96252)
        C3 (42.06250,36.95996) (107.96783,-22.93750) (213.97900,-22.93750)
        C3 (280.01123,-22.93750) (333.03711,0.02319) (392.05797,53.93872)
        C3 (398.04890,0.02319) (424.00963,-22.93750) (477.93750,-22.93750)
        C3 (495.93750,-22.93750) (506.93750,-20.94092) (534.93750,-13.95288)
      contour 156 bytes, start (389.06250,164.97260)
        C3 (389.06250,136.96405) (381.06055,119.95886) (356.04834,96.95184)
        C3 (322.03174,65.94238) (281.01172,49.93750) (231.98779,49.93750)
        C3 (166.95605,49.93750) (128.93750,80.94696) (128.93750,133.96313)
        C3 (128.93750,188.97992) (164.95508,216.98846) (254.99902,229.99243)
        C3 (344.04248,241.99609) (361.05078,245.99731) (389.06250,259.00128)
    GGO_NATIVE unhinted: 608 bytes, returned 608
      contour 452 bytes, start (535.00000,49.00000)
        Q3 (528.43750,47.56250) (520.56250,46.93750) (517.00000,47.00000)
        Q3 (495.15625,47.12500) (472.09375,68.37500) (472.00000,88.00000)
        L1 (472.00000,396.00000)
        Q3 (471.78125,465.96875) (371.96875,538.78125) (275.00000,539.00000)
        Q3 (216.96875,538.84375) (128.28125,507.40625) (101.00000,478.00000)
        Q3 (83.18750,458.34375) (66.31250,407.40625) (65.00000,369.00000)
        L1 (149.00000,369.00000)
        Q3 (153.96875,416.81250) (213.78125,462.18750) (272.00000,462.00000)
        Q3 (329.18750,461.81250) (388.81250,421.68750) (389.00000,384.00000)
        L1 (389.00000,362.00000)
        Q3 (389.28125,335.59375) (351.96875,310.15625) (302.00000,304.00000)
        Q4 (244.05556,296.68518) (182.16667,287.16669) (148.94443,278.31482) (134.00000,272.00000)
        Q3 (88.21875,252.56250) (42.03125,182.93750) (42.00000,132.00000)
        Q3 (42.81250,59.96875) (133.68750,-22.21875) (214.00000,-23.00000)
        Q3 (262.90625,-23.25000) (348.34375,13.75000) (392.00000,54.00000)
        Q3 (396.25000,13.75000) (437.75000,-23.25000) (478.00000,-23.00000)
        Q3 (490.75000,-23.09375) (514.75000,-19.15625) (535.00000,-14.00000)
      contour 156 bytes, start (389.00000,165.00000)
        Q3 (389.28125,144.53125) (374.46875,113.71875) (356.00000,97.00000)
        Q2 (305.25000,50.25000) (232.00000,50.00000)
        Q3 (182.90625,50.28125) (129.34375,93.96875) (129.00000,134.00000)
        Q3 (128.43750,174.87500) (188.06250,220.62500) (255.00000,230.00000)
        Q4 (298.73148,235.84259) (347.41667,244.08336) (375.76851,252.65742) (389.00000,259.00000)
    GGO_BEZIER unhinted: 600 bytes, returned 600
      contour 444 bytes, start (535.00000,49.00000)
        C3 (526.00000,47.00000) (522.00000,47.00000) (517.00000,47.00000)
        C3 (488.00000,47.00000) (472.00000,62.00000) (472.00000,88.00000)
        L1 (472.00000,396.00000)
        C3 (472.00000,489.00000) (404.00000,539.00000) (275.00000,539.00000)
        C3 (198.00000,539.00000) (137.00000,517.00000) (101.00000,478.00000)
        C3 (77.00000,451.00000) (67.00000,421.00000) (65.00000,369.00000)
        L1 (149.00000,369.00000)
        C3 (156.00000,433.00000) (194.00000,462.00000) (272.00000,462.00000)
        C3 (348.00000,462.00000) (389.00000,434.00000) (389.00000,384.00000)
        L1 (389.00000,362.00000)
        C3 (388.00000,326.00000) (370.00000,313.00000) (302.00000,304.00000)
        C3 (184.00000,289.00000) (166.00000,285.00000) (134.00000,272.00000)
        C3 (73.00000,246.00000) (42.00000,200.00000) (42.00000,132.00000)
        C3 (42.00000,37.00000) (108.00000,-23.00000) (214.00000,-23.00000)
        C3 (280.00000,-23.00000) (333.00000,0.00000) (392.00000,54.00000)
        C3 (398.00000,0.00000) (424.00000,-23.00000) (478.00000,-23.00000)
        C3 (496.00000,-23.00000) (507.00000,-21.00000) (535.00000,-14.00000)
      contour 156 bytes, start (389.00000,165.00000)
        C3 (389.00000,137.00000) (381.00000,120.00000) (356.00000,97.00000)
        C3 (322.00000,66.00000) (281.00000,50.00000) (232.00000,50.00000)
        C3 (167.00000,50.00000) (129.00000,81.00000) (129.00000,134.00000)
        C3 (129.00000,189.00000) (165.00000,217.00000) (255.00000,230.00000)
        C3 (344.00000,242.00000) (361.00000,246.00000) (389.00000,259.00000)
  char 0x32
    GGO_METRICS: 43336, box 477x722 at (34,723), cell 556,0
    GGO_METRICS unhinted: 43336, box 477x722 at (34,723), cell 556,0
    GGO_METRICS rotated: 66996, box 677x788 at (-239,805), cell 482,-278
    GGO_BITMAP: 43320, box 477x722 at (34,723), cell 556,0
    GGO_GRAY2_BITMAP: 346560, box 477x722 at (34,723), cell 556,0
    GGO_GRAY8_BITMAP: 346560, box 477x722 at (34,723), cell 556,0
    GGO_NATIVE: 392 bytes, returned 392
      contour 392 bytes, start (505.94447,85.93750)
        L1 (133.06250,85.93750)
        Q3 (138.81250,129.86957) (196.81250,198.57016) (261.06250,237.24164)
        L1 (361.06250,293.35443)
        Q3 (435.36290,334.81277) (510.84647,444.78383) (510.93750,511.79352)
        Q3 (510.75026,557.29364) (476.67267,637.36803) (445.02917,667.02853)
        Q3 (413.70938,695.42003) (334.15727,722.99994) (284.06250,722.93750)
        Q3 (216.40625,722.87703) (117.46875,675.56004) (88.06250,629.02917)
        Q3 (69.46875,601.12933) (51.40625,526.91766) (50.06250,472.71497)
        L1 (138.06250,472.71497)
        Q3 (140.21875,509.06929) (150.15625,557.35387) (159.06250,574.92041)
        Q3 (176.81250,608.29994) (240.81250,645.74944) (281.06250,646.06250)
        Q3 (342.31250,644.87267) (419.81250,569.59717) (421.06250,509.78949)
        Q3 (420.96875,466.01399) (372.40625,392.74173) (325.06250,365.49945)
        L1 (233.06250,311.39069)
        Q4 (159.71065,269.79506) (75.22917,186.08029) (37.41434,78.08255) (34.06250,0.06250)
        L1 (505.94447,0.06250)
    GGO_BEZIER: 384 bytes, returned 384
      contour 384 bytes, start (505.94447,85.93750)
        L1 (133.06250,85.93750)
        C3 (142.06250,146.05835) (174.06250,184.13489) (261.06250,237.24164)
        L1 (361.06250,293.35443)
        C3 (460.00835,348.46521) (510.93750,422.61426) (510.93750,511.79352)
        C3 (510.93750,571.91437) (486.97086,628.02716) (445.02917,667.02853)
        C3 (403.06250,704.96707) (351.06250,722.93750) (284.06250,722.93750)
        C3 (194.06250,722.93750) (127.06250,690.98972) (88.06250,629.02917)
        C3 (63.06250,590.95264) (52.06250,545.86200) (50.06250,472.71497)
        L1 (138.06250,472.71497)
        C3 (141.06250,521.81366) (147.06250,550.87207) (159.06250,574.92041)
        C3 (182.06250,619.00903) (228.06250,646.06250) (281.06250,646.06250)
        C3 (361.06250,646.06250) (421.06250,587.94659) (421.06250,509.78949)
        C3 (421.06250,451.67267) (388.06250,401.57196) (325.06250,365.49945)
        L1 (233.06250,311.39069)
        C3 (85.06250,226.21948) (42.06250,158.08252) (34.06250,0.06250)
        L1 (505.94447,0.06250)
    GGO_NATIVE unhinted: 392 bytes, returned 392
      contour 392 bytes, start (506.00000,87.00000)
        L1 (133.00000,87.00000)
        Q3 (138.75000,130.84375) (196.75000,199.40625) (261.00000,238.00000)
        L1 (361.00000,294.00000)
        Q3 (435.34375,335.37500) (510.90625,445.12500) (511.00000,512.00000)
        Q3 (510.81250,557.40625) (476.68750,637.34375) (445.00000,667.00000)
        Q3 (413.65625,695.43750) (334.09375,723.06250) (284.00000,723.00000)
        Q3 (216.34375,722.93750) (117.40625,675.56250) (88.00000,629.00000)
        Q3 (69.40625,601.15625) (51.34375,527.09375) (50.00000,473.00000)
        L1 (138.00000,473.00000)
        Q3 (140.15625,509.28125) (150.09375,557.46875) (159.00000,575.00000)
        Q3 (176.75000,608.31250) (240.75000,645.68750) (281.00000,646.00000)
        Q3 (342.25000,644.81250) (419.75000,569.68750) (421.00000,510.00000)
        Q3 (420.90625,466.31250) (372.34375,393.18750) (325.00000,366.00000)
        L1 (233.00000,312.00000)
        Q4 (159.64815,270.49074) (75.16667,186.91667) (37.35184,79.00928) (34.00000,1.00000)
        L1 (506.00000,1.00000)
    GGO_BEZIER unhinted: 384 bytes, returned 384
      contour 384 bytes, start (506.00000,87.00000)
        L1 (133.00000,87.00000)
        C3 (142.00000,147.00000) (174.00000,185.00000) (261.00000,238.00000)
        L1 (361.00000,294.00000)
        C3 (460.00000,349.00000) (511.00000,423.00000) (511.00000,512.00000)
        C3 (511.00000,572.00000) (487.00000,628.00000) (445.00000,667.00000)
        C3 (403.00000,705.00000) (351.00000,723.00000) (284.00000,723.00000)
        C3 (194.00000,723.00000) (127.00000,691.00000) (88.00000,629.00000)
        C3 (63.00000,591.00000) (52.00000,546.00000) (50.00000,473.00000)
        L1 (138.00000,473.00000)
        C3 (141.00000,522.00000) (147.00000,551.00000) (159.00000,575.00000)
        C3 (182.00000,619.00000) (228.00000,646.00000) (281.00000,646.00000)
        C3 (361.00000,646.00000) (421.00000,588.00000) (421.00000,510.00000)
        C3 (421.00000,452.00000) (388.00000,402.00000) (325.00000,366.00000)
        L1 (233.00000,312.00000)
        C3 (85.00000,227.00000) (42.00000,159.00000) (34.00000,1.00000)
        L1 (506.00000,1.00000)
  char 0x4f
    GGO_METRICS: 67248, box 704x764 at (38,741), cell 778,0
    GGO_METRICS unhinted: 67248, box 704x764 at (38,741), cell 778,0
    GGO_METRICS rotated: 70304, box 734x764 at (-209,888), cell 674,-389
    GGO_BITMAP: 67232, box 704x764 at (38,741), cell 778,0
    GGO_GRAY2_BITMAP: 537856, box 704x764 at (38,741), cell 778,0
    GGO_GRAY8_BITMAP: 537856, box 704x764 at (38,741), cell 778,0
    GGO_NATIVE: 284 bytes, returned 284
      contour 156 bytes, start (389.00049,740.93750)
        Q3 (229.87714,738.44608) (40.39758,532.52956) (38.06250,359.00159)
        Q3 (40.27257,184.81705) (229.50203,-20.53964) (390.00073,-22.93750)
        Q3 (457.01709,-22.81268) (571.54504,16.37743) (616.05591,53.94501)
        Q3 (675.73105,105.44984) (741.47098,262.48073) (741.93750,353.00031)
        Q3 (739.94633,531.49808) (551.53084,738.72739) (389.00049,740.93750)
      contour 128 bytes, start (389.00049,659.06250)
        Q3 (508.96718,657.40610) (647.62474,495.43678) (649.06250,355.00073)
        Q3 (647.31216,220.97211) (507.27927,60.93793) (390.00073,58.93750)
        Q3 (271.40929,60.81290) (132.50038,222.09737) (130.93750,359.00159)
        Q3 (132.53165,495.90562) (271.12796,657.18732) (389.00049,659.06250)
    GGO_BEZIER: 284 bytes, returned 284
      contour 156 bytes, start (389.00049,740.93750)
        C3 (179.94946,740.93750) (38.06250,587.05029) (38.06250,359.00159)
        C3 (38.06250,129.95267) (178.94922,-22.93750) (390.00073,-22.93750)
        C3 (479.02246,-22.93750) (557.04150,4.02130) (616.05591,53.94501)
        C3 (695.00073,120.95074) (741.93750,233.97488) (741.93750,353.00031)
        C3 (741.93750,588.05051) (603.05273,740.93750) (389.00049,740.93750)
      contour 128 bytes, start (389.00049,659.06250)
        C3 (547.03906,659.06250) (649.06250,540.04025) (649.06250,355.00073)
        C3 (649.06250,178.96313) (544.03833,58.93750) (390.00073,58.93750)
        C3 (233.96265,58.93750) (130.93750,178.96313) (130.93750,359.00159)
        C3 (130.93750,539.04004) (233.96265,659.06250) (389.00049,659.06250)
    GGO_NATIVE unhinted: 284 bytes, returned 284
      contour 156 bytes, start (389.00000,741.00000)
        Q3 (229.90625,738.50000) (40.34375,532.50000) (38.00000,359.00000)
        Q3 (40.21875,184.84375) (229.53125,-20.59375) (390.00000,-23.00000)
        Q3 (457.00000,-22.87500) (571.50000,16.37500) (616.00000,54.00000)
        Q3 (675.71875,105.50000) (741.53125,262.50000) (742.00000,353.00000)
        Q3 (740.00000,531.46875) (551.50000,738.78125) (389.00000,741.00000)
      contour 128 bytes, start (389.00000,659.00000)
        Q3 (508.93750,657.34375) (647.56250,495.40625) (649.00000,355.00000)
        Q3 (647.25000,221.00000) (507.25000,61.00000) (390.00000,59.00000)
        Q3 (271.43750,60.87500) (132.56250,222.12500) (131.00000,359.00000)
        Q3 (132.59375,495.87500) (271.15625,657.12500) (389.00000,659.00000)
    GGO_BEZIER unhinted: 284 bytes, returned 284
      contour 156 bytes, start (389.00000,741.00000)
        C3 (180.00000,741.00000) (38.00000,587.00000) (38.00000,359.00000)
        C3 (38.00000,130.00000) (179.00000,-23.00000) (390.00000,-23.00000)
        C3 (479.00000,-23.00000) (557.00000,4.00000) (616.00000,54.00000)
        C3 (695.00000,121.00000) (742.00000,234.00000) (742.00000,353.00000)
        C3 (742.00000,588.00000) (603.00000,741.00000) (389.00000,741.00000)
      contour 128 bytes, start (389.00000,659.00000)
        C3 (547.00000,659.00000) (649.00000,540.00000) (649.00000,355.00000)
        C3 (649.00000,179.00000) (544.00000,59.00000) (390.00000,59.00000)
        C3 (234.00000,59.00000) (131.00000,179.00000) (131.00000,359.00000)
        C3 (131.00000,539.00000) (234.00000,659.00000) (389.00000,659.00000)
  char 0x26
    GGO_METRICS: 54184, box 585x732 at (52,709), cell 667,0
    GGO_METRICS unhinted: 54184, box 585x732 at (52,709), cell 667,0
    GGO_METRICS rotated: 65796, box 733x715 at (-181,791), cell 578,-333
    GGO_BITMAP: 55632, box 585x732 at (52,709), cell 667,0
    GGO_GRAY2_BITMAP: 430416, box 585x732 at (52,709), cell 667,0
    GGO_GRAY8_BITMAP: 430416, box 585x732 at (52,709), cell 667,0
    GGO_NATIVE: 564 bytes, returned 564
      contour 336 bytes, start (492.93750,333.99710)
        Q3 (493.53102,306.20992) (477.09587,242.00870) (461.94507,214.97168)
        L1 (329.01926,378.00650)
        Q3 (405.87065,420.85941) (468.06496,499.43869) (466.93750,552.04367)
        Q3 (465.66435,622.23103) (376.55727,707.75757) (304.00133,708.93750)
        Q3 (230.28267,707.38322) (134.74118,619.61073) (133.06250,552.04367)
        Q3 (132.22003,518.41150) (167.60347,446.64616) (213.93890,389.00885)
        Q3 (121.83517,337.06026) (50.46742,242.91515) (52.06250,175.96335)
        Q3 (53.33617,84.76523) (163.41562,-21.75859) (256.93750,-22.93750)
        Q3 (294.62500,-22.90631) (361.75000,-5.24713) (388.93750,12.00642)
        Q3 (403.87500,21.73952) (437.50000,50.20688) (465.93750,77.94241)
        L3 (527.93750,0.06250) (636.93750,0.06250) (514.93750,150.96349)
        Q3 (542.84375,194.19081) (572.78125,288.52202) (572.93750,333.99979)
      contour 128 bytes, start (284.98770,431.01903)
        Q3 (240.54961,481.21649) (213.59277,528.35085) (214.93750,553.04323)
        Q3 (215.43787,592.55121) (261.47084,638.56227) (300.99918,639.06250)
        Q3 (339.27667,638.34346) (387.31189,591.51976) (388.06250,554.04343)
        Q3 (388.75044,521.88081) (341.34064,465.43211) (284.98770,431.01903)
      contour 100 bytes, start (417.93750,136.93750)
        Q3 (376.62500,93.09375) (305.25000,54.53125) (266.93750,54.93750)
        Q3 (211.50000,56.28125) (137.37500,128.34375) (135.93750,182.93750)
        Q3 (135.03125,223.87500) (190.59375,294.50000) (257.93750,336.93750)
    GGO_BEZIER: 564 bytes, returned 564
      contour 336 bytes, start (492.93750,333.99710)
        C3 (493.93750,297.98941) (481.93750,249.97916) (461.94507,214.97168)
        L1 (329.01926,378.00650)
        C3 (432.99109,437.01910) (466.93750,480.02829) (466.93750,552.04367)
        C3 (466.93750,644.05357) (399.04504,708.93750) (304.00133,708.93750)
        C3 (207.94806,708.93750) (133.06250,640.06071) (133.06250,552.04367)
        C3 (133.06250,505.03363) (151.03503,468.02573) (213.93890,389.00885)
        C3 (89.00717,316.99347) (52.06250,267.98300) (52.06250,175.96335)
        C3 (52.06250,55.93771) (133.93988,-22.93750) (256.93750,-22.93750)
        C3 (306.93750,-22.93750) (352.93750,-10.95673) (388.93750,12.00642)
        C3 (409.93750,25.98399) (426.93750,39.96156) (465.93750,77.94241)
        L3 (527.93750,0.06250) (636.93750,0.06250) (514.93750,150.96349)
        C3 (551.93750,207.97479) (572.93750,273.98788) (572.93750,333.99979)
      contour 128 bytes, start (284.98770,431.01903)
        C3 (223.94395,501.03291) (214.93750,517.03609) (214.93750,553.04323)
        C3 (214.93750,605.05354) (248.96188,639.06250) (300.99918,639.06250)
        C3 (351.03503,639.06250) (388.06250,603.05315) (388.06250,554.04343)
        C3 (388.06250,510.03470) (361.04221,478.02835) (284.98770,431.01903)
      contour 100 bytes, start (417.93750,136.93750)
        C3 (361.93750,77.93750) (318.93750,54.93750) (266.93750,54.93750)
        C3 (194.93750,54.93750) (135.93750,111.93750) (135.93750,182.93750)
        C3 (135.93750,238.93750) (166.93750,278.93750) (257.93750,336.93750)
    GGO_NATIVE unhinted: 564 bytes, returned 564
      contour 336 bytes, start (493.00000,334.00000)
        Q3 (493.59375,306.21875) (477.15625,242.03125) (462.00000,215.00000)
        L1 (329.00000,378.00000)
        Q3 (405.87500,420.84375) (468.12500,499.40625) (467.00000,552.00000)
        Q3 (465.71875,622.18750) (376.53125,707.81250) (304.00000,709.00000)
        Q3 (230.31250,707.43750) (134.68750,619.56250) (133.00000,552.00000)
        Q3 (132.15625,518.37500) (167.59375,446.62500) (214.00000,389.00000)
        Q3 (121.84375,337.06250) (50.40625,242.93750) (52.00000,176.00000)
        Q3 (53.28125,84.81250) (163.46875,-21.81250) (257.00000,-23.00000)
        Q3 (294.68750,-22.96875) (361.81250,-5.28125) (389.00000,12.00000)
        Q3 (403.93750,21.75000) (437.56250,50.25000) (466.00000,78.00000)
        L3 (528.00000,0.00000) (637.00000,0.00000) (515.00000,151.00000)
        Q3 (542.90625,194.21875) (572.84375,288.53125) (573.00000,334.00000)
      contour 128 bytes, start (285.00000,431.00000)
        Q3 (240.59375,481.18750) (213.65625,528.31250) (215.00000,553.00000)
        Q3 (215.50000,592.50000) (261.50000,638.50000) (301.00000,639.00000)
        Q3 (339.25000,638.28125) (387.25000,591.46875) (388.00000,554.00000)
        Q3 (388.68750,521.84375) (341.31250,465.40625) (285.00000,431.00000)
      contour 100 bytes, start (418.00000,137.00000)
        Q3 (376.68750,93.15625) (305.31250,54.59375) (267.00000,55.00000)
        Q3 (211.56250,56.34375) (137.43750,128.40625) (136.00000,183.00000)
        Q3 (135.09375,223.93750) (190.65625,294.56250) (258.00000,337.00000)
    GGO_BEZIER unhinted: 564 bytes, returned 564
      contour 336 bytes, start (493.00000,334.00000)
        C3 (494.00000,298.00000) (482.00000,250.00000) (462.00000,215.00000)
        L1 (329.00000,378.00000)
        C3 (433.00000,437.00000) (467.00000,480.00000) (467.00000,552.00000)
        C3 (467.00000,644.00000) (399.00000,709.00000) (304.00000,709.00000)
        C3 (208.00000,709.00000) (133.00000,640.00000) (133.00000,552.00000)
        C3 (133.00000,505.00000) (151.00000,468.00000) (214.00000,389.00000)
        C3 (89.00000,317.00000) (52.00000,268.00000) (52.00000,176.00000)
        C3 (52.00000,56.00000) (134.00000,-23.00000) (257.00000,-23.00000)
        C3 (307.00000,-23.00000) (353.00000,-11.00000) (389.00000,12.00000)
        C3 (410.00000,26.00000) (427.00000,40.00000) (466.00000,78.00000)
        L3 (528.00000,0.00000) (637.00000,0.00000) (515.00000,151.00000)
        C3 (552.00000,208.00000) (573.00000,274.00000) (573.00000,334.00000)
      contour 128 bytes, start (285.00000,431.00000)
        C3 (224.00000,501.00000) (215.00000,517.00000) (215.00000,553.00000)
        C3 (215.00000,605.00000) (249.00000,639.00000) (301.00000,639.00000)
        C3 (351.00000,639.00000) (388.00000,603.00000) (388.00000,554.00000)
        C3 (388.00000,510.00000) (361.00000,478.00000) (285.00000,431.00000)
      contour 100 bytes, start (418.00000,137.00000)
        C3 (362.00000,78.00000) (319.00000,55.00000) (267.00000,55.00000)
        C3 (195.00000,55.00000) (136.00000,112.00000) (136.00000,183.00000)
        C3 (136.00000,239.00000) (167.00000,279.00000) (258.00000,337.00000)
  char 0x40
    GGO_METRICS: 101564, box 917x883 at (34,741), cell 1015,0
    GGO_METRICS unhinted: 101564, box 917x883 at (34,741), cell 1015,0
    GGO_METRICS rotated: 97112, box 846x916 at (-163,968), cell 879,-507
    GGO_BITMAP: 102428, box 917x883 at (34,741), cell 1015,0
    GGO_GRAY2_BITMAP: 812360, box 917x883 at (34,741), cell 1015,0
    GGO_GRAY8_BITMAP: 812360, box 917x883 at (34,741), cell 1015,0
    GGO_NATIVE: 812 bytes, returned 812
      contour 640 bytes, start (665.01343,500.97852)
        L1 (643.00806,435.05537)
        Q3 (624.12845,478.50784) (562.36337,521.93913) (520.97827,521.93750)
        Q4 (452.92735,520.83803) (336.67342,443.89993) (265.09705,318.61003) (264.06250,244.98289)
        Q3 (265.52550,165.27434) (355.74983,63.74130) (426.95532,62.06250)
        Q3 (466.30869,61.87479) (534.88791,96.68752) (568.98999,133.94055)
        Q3 (575.77290,95.71649) (630.97386,57.09322) (679.01685,57.06250)
        Q3 (735.09308,56.99883) (826.99013,101.05792) (865.06107,145.94475)
        Q3 (906.47032,194.49451) (950.71907,309.22577) (950.93750,369.02982)
        Q4 (949.52318,472.22806) (835.06540,639.96400) (642.92198,739.71568) (524.97925,740.93750)
        Q3 (434.30901,740.37999) (259.42862,672.57471) (191.99988,612.01715)
        Q3 (117.79971,543.71829) (34.74370,357.76476) (34.06250,257.98747)
        Q4 (35.46080,145.77328) (156.12773,-34.45280) (361.10565,-140.69666) (488.97046,-141.93750)
        Q3 (544.82785,-141.84390) (659.91843,-120.31627) (715.02563,-100.00543)
        L1 (687.01880,-33.02979)
        Q3 (625.66008,-50.14102) (534.07521,-65.21890) (492.97144,-65.06250)
        Q4 (386.43718,-64.10709) (218.06532,24.39230) (120.00476,176.55013) (118.93750,272.99319)
        Q4 (120.35587,379.41156) (227.55472,556.03639) (405.07524,662.65439) (511.97607,664.06250)
        Q4 (609.18500,663.02238) (768.03882,580.00801) (862.87701,441.02219) (864.06250,356.02486)
        Q4 (863.31232,296.98383) (815.46704,193.12941) (739.28156,127.95641) (696.02100,126.93750)
        Q3 (675.17216,127.43770) (646.60268,152.44724) (646.00879,170.95428)
        Q3 (646.00879,177.83191) (652.01025,203.59174) (658.01172,220.97336)
        L1 (748.03369,500.97852)
      contour 172 bytes, start (514.97681,458.06250)
        Q3 (557.89354,457.21851) (610.34383,404.13689) (608.99976,362.02715)
        Q4 (607.74945,336.26733) (591.57881,271.07581) (567.73967,210.21925) (554.98657,190.96191)
        Q3 (533.70013,159.98163) (480.99976,126.15636) (452.96167,125.93750)
        Q3 (410.67010,127.12546) (354.96899,193.27570) (353.93750,243.98251)
        Q4 (354.58582,300.85602) (399.44861,397.70697) (472.31824,457.21037) (514.97681,458.06250)
    GGO_BEZIER: 740 bytes, returned 740
      contour 584 bytes, start (665.01343,500.97852)
        L1 (643.00806,435.05537)
        C3 (618.00195,492.99414) (575.99170,521.93750) (520.97827,521.93750)
        C3 (386.94556,521.93750) (264.06250,390.03821) (264.06250,244.98289)
        C3 (264.06250,140.94322) (333.96530,62.06250) (426.95532,62.06250)
        C3 (479.96826,62.06250) (522.97876,84.01953) (568.98999,133.94055)
        C3 (577.99219,83.01608) (615.00122,57.06250) (679.01685,57.06250)
        C3 (754.03516,57.06250) (814.04980,86.01073) (865.06107,145.94475)
        C3 (919.98218,209.96916) (950.93750,289.99968) (950.93750,369.02982)
        C3 (950.93750,572.98264) (758.03613,740.93750) (524.97925,740.93750)
        C3 (405.95020,740.93750) (280.04028,692.01721) (191.99988,612.01715)
        C3 (93.97461,522.93839) (34.06250,389.03745) (34.06250,257.98747)
        C3 (34.06250,36.04076) (236.03748,-141.93750) (488.97046,-141.93750)
        C3 (562.98853,-141.93750) (642.00781,-126.96176) (715.02563,-100.00543)
        L1 (687.01880,-33.02979)
        C3 (603.99854,-56.05330) (548.98511,-65.06250) (492.97144,-65.06250)
        C3 (282.03751,-65.06250) (118.93750,82.01787) (118.93750,272.99319)
        C3 (118.93750,483.01367) (301.01112,664.06250) (511.97607,664.06250)
        C3 (704.02295,664.06250) (864.06250,523.93927) (864.06250,356.02486)
        C3 (864.06250,239.98061) (781.04175,126.93750) (696.02100,126.93750)
        C3 (669.01440,126.93750) (646.00879,146.94513) (646.00879,170.95428)
        C3 (646.00879,179.95772) (650.00977,197.96458) (658.01172,220.97336)
        L1 (748.03369,500.97852)
      contour 156 bytes, start (514.97681,458.06250)
        C3 (570.99048,458.06250) (612.00049,417.04813) (608.99976,362.02715)
        C3 (606.99927,312.00807) (579.99268,227.97603) (554.98657,190.96191)
        C3 (526.97974,149.94666) (489.97070,125.93750) (452.96167,125.93750)
        C3 (397.94824,125.93750) (353.93750,177.95734) (353.93750,243.98251)
        C3 (353.93750,356.02524) (430.95630,458.06250) (514.97681,458.06250)
    GGO_NATIVE unhinted: 804 bytes, returned 804
      contour 632 bytes, start (665.00000,501.00000)
        L1 (643.00000,435.00000)
        Q3 (624.12500,478.50000) (562.37500,522.00000) (521.00000,522.00000)
        Q4 (452.96297,520.89815) (336.66667,443.91667) (265.03702,318.60187) (264.00000,245.00000)
        Q3 (265.46875,165.31250) (355.78125,63.68750) (427.00000,62.00000)
        Q3 (466.34375,61.81250) (534.90625,96.68750) (569.00000,134.00000)
        Q2 (582.75000,57.25000) (679.00000,57.00000)
        Q3 (735.06250,56.93750) (826.93750,101.06250) (865.00000,146.00000)
        Q3 (906.46875,194.53125) (950.78125,309.21875) (951.00000,369.00000)
        Q4 (949.58333,472.22221) (835.08333,640.00000) (642.91666,739.77779) (525.00000,741.00000)
        Q3 (434.34375,740.43750) (259.40625,672.56250) (192.00000,612.00000)
        Q3 (117.81250,543.75000) (34.68750,357.75000) (34.00000,258.00000)
        Q4 (35.39815,145.75926) (156.08331,-34.49998) (361.10185,-140.75925) (489.00000,-142.00000)
        Q3 (544.84375,-141.90625) (659.90625,-120.34375) (715.00000,-100.00000)
        L1 (687.00000,-33.00000)
        Q3 (625.65625,-50.09375) (534.09375,-65.15625) (493.00000,-65.00000)
        Q4 (386.43518,-64.04631) (218.08333,24.41667) (120.06480,176.54630) (119.00000,273.00000)
        Q4 (120.41667,379.40741) (227.58333,556.00000) (405.08331,662.59259) (512.00000,664.00000)
        Q4 (609.18520,662.96295) (768.00000,580.00000) (862.81480,441.03705) (864.00000,356.00000)
        Q4 (863.25000,296.98149) (815.41664,193.16667) (739.24998,128.01852) (696.00000,127.00000)
        Q3 (675.15625,127.50000) (646.59375,152.50000) (646.00000,171.00000)
        Q3 (646.00000,177.87500) (652.00000,203.62500) (658.00000,221.00000)
        L1 (748.00000,501.00000)
      contour 172 bytes, start (515.00000,458.00000)
        Q3 (557.90625,457.15625) (610.34375,404.09375) (609.00000,362.00000)
        Q4 (607.75000,336.25000) (591.58333,271.08336) (567.74998,210.25002) (555.00000,191.00000)
        Q3 (533.71875,160.03125) (481.03125,126.21875) (453.00000,126.00000)
        Q3 (410.71875,127.18750) (355.03125,193.31250) (354.00000,244.00000)
        Q4 (354.64815,300.85185) (399.49998,397.66669) (472.35184,457.14815) (515.00000,458.00000)
    GGO_BEZIER unhinted: 740 bytes, returned 740
      contour 584 bytes, start (665.00000,501.00000)
        L1 (643.00000,435.00000)
        C3 (618.00000,493.00000) (576.00000,522.00000) (521.00000,522.00000)
        C3 (387.00000,522.00000) (264.00000,390.00000) (264.00000,245.00000)
        C3 (264.00000,141.00000) (334.00000,62.00000) (427.00000,62.00000)
        C3 (480.00000,62.00000) (523.00000,84.00000) (569.00000,134.00000)
        C3 (578.00000,83.00000) (615.00000,57.00000) (679.00000,57.00000)
        C3 (754.00000,57.00000) (814.00000,86.00000) (865.00000,146.00000)
        C3 (920.00000,210.00000) (951.00000,290.00000) (951.00000,369.00000)
        C3 (951.00000,573.00000) (758.00000,741.00000) (525.00000,741.00000)
        C3 (406.00000,741.00000) (280.00000,692.00000) (192.00000,612.00000)
        C3 (94.00000,523.00000) (34.00000,389.00000) (34.00000,258.00000)
        C3 (34.00000,36.00000) (236.00000,-142.00000) (489.00000,-142.00000)
        C3 (563.00000,-142.00000) (642.00000,-127.00000) (715.00000,-100.00000)
        L1 (687.00000,-33.00000)
        C3 (604.00000,-56.00000) (549.00000,-65.00000) (493.00000,-65.00000)
        C3 (282.00000,-65.00000) (119.00000,82.00000) (119.00000,273.00000)
        C3 (119.00000,483.00000) (301.00000,664.00000) (512.00000,664.00000)
        C3 (704.00000,664.00000) (864.00000,524.00000) (864.00000,356.00000)
        C3 (864.00000,240.00000) (781.00000,127.00000) (696.00000,127.00000)
        C3 (669.00000,127.00000) (646.00000,147.00000) (646.00000,171.00000)
        C3 (646.00000,180.00000) (650.00000,198.00000) (658.00000,221.00000)
        L1 (748.00000,501.00000)
      contour 156 bytes, start (515.00000,458.00000)
        C3 (571.00000,458.00000) (612.00000,417.00000) (609.00000,362.00000)
        C3 (607.00000,312.00000) (580.00000,228.00000) (555.00000,191.00000)
        C3 (527.00000,150.00000) (490.00000,126.00000) (453.00000,126.00000)
        C3 (398.00000,126.00000) (354.00000,178.00000) (354.00000,244.00000)
        C3 (354.00000,356.00000) (431.00000,458.00000) (515.00000,458.00000)
  char 0x53
    GGO_METRICS: 55024, box 573x764 at (48,741), cell 667,0
    GGO_METRICS unhinted: 55024, box 573x764 at (48,741), cell 667,0
    GGO_METRICS rotated: 66896, box 699x760 at (-233,856), cell 578,-333
    GGO_BITMAP: 55008, box 573x764 at (48,741), cell 667,0
    GGO_GRAY2_BITMAP: 440064, box 573x764 at (48,741), cell 667,0
    GGO_GRAY8_BITMAP: 440064, box 573x764 at (48,741), cell 667,0
    GGO_NATIVE: 528 bytes, returned 528
      contour 528 bytes, start (595.97119,515.03491)
        Q3 (596.28328,550.79256) (588.66850,589.30077) (576.99670,613.05585)
        Q3 (546.81686,676.14207) (421.49431,740.81543) (328.99323,740.93750)
        Q3 (207.77481,739.94640) (71.24063,627.04974) (70.06250,527.03748)
        Q3 (69.99747,460.33572) (141.05315,375.69266) (212.95428,357.00116)
        L1 (394.01505,308.99091)
        Q3 (463.44475,291.20586) (528.40620,233.50604) (528.06250,190.96570)
        Q3 (527.71848,161.11559) (499.64439,107.04152) (476.04257,89.94412)
        Q3 (454.16022,74.22202) (386.38747,58.90627) (341.99759,58.93750)
        Q3 (282.25879,58.81248) (199.91866,88.56883) (173.94119,119.95053)
        Q3 (153.76762,143.73686) (135.16188,198.43604) (135.97388,231.97446)
        L1 (48.06250,231.97446)
        Q3 (48.68839,182.30762) (69.42955,110.35474) (91.03430,80.94220)
        Q3 (128.70309,29.21236) (252.49850,-22.90749) (335.99557,-22.93750)
        Q3 (401.51816,-22.81270) (505.54703,5.89345) (541.04504,32.97705)
        Q3 (578.15140,63.07608) (620.53178,151.83095) (620.93750,199.96762)
        Q3 (620.53514,267.95090) (540.67178,362.28354) (466.03922,383.00671)
        L1 (282.97778,432.01718)
        Q3 (217.70589,449.27086) (162.18724,498.78145) (162.93750,540.04025)
        Q3 (163.93784,596.30202) (251.46721,662.31261) (325.99222,663.06250)
        Q3 (413.42781,662.81270) (506.89667,587.30009) (508.05331,515.03491)
    GGO_BEZIER: 528 bytes, returned 528
      contour 528 bytes, start (595.97119,515.03491)
        C3 (595.97119,565.04559) (592.97522,579.04858) (576.99670,613.05585)
        C3 (537.05042,697.00803) (452.03452,740.93750) (328.99323,740.93750)
        C3 (168.93951,740.93750) (70.06250,659.06567) (70.06250,527.03748)
        C3 (70.06250,438.01846) (116.99939,382.00650) (212.95428,357.00116)
        L1 (394.01505,308.99091)
        C3 (487.04626,284.98578) (528.06250,247.97787) (528.06250,190.96570)
        C3 (528.06250,151.95737) (507.05298,111.94882) (476.04257,89.94412)
        C3 (447.03284,68.93964) (401.01740,58.93750) (341.99759,58.93750)
        C3 (261.97073,58.93750) (208.95294,77.94156) (173.94119,119.95053)
        C3 (146.95911,151.95737) (134.97522,186.96484) (135.97388,231.97446)
        L1 (48.06250,231.97446)
        C3 (49.06250,164.96014) (62.06250,120.95074) (91.03430,80.94220)
        C3 (140.96716,12.00909) (224.95831,-22.93750) (335.99557,-22.93750)
        C3 (423.02478,-22.93750) (494.04861,-2.96802) (541.04504,32.97705)
        C3 (589.97925,71.94028) (620.93750,136.95416) (620.93750,199.96762)
        C3 (620.93750,289.98685) (565.01282,356.00095) (466.03922,383.00671)
        L1 (282.97778,432.01718)
        C3 (194.94824,456.02231) (162.93750,484.02829) (162.93750,540.04025)
        C3 (162.93750,614.05606) (227.95932,663.06250) (325.99222,663.06250)
        C3 (442.03116,663.06250) (507.05298,611.05542) (508.05331,515.03491)
    GGO_NATIVE unhinted: 528 bytes, returned 528
      contour 528 bytes, start (596.00000,515.00000)
        Q3 (596.31250,550.75000) (588.68750,589.25000) (577.00000,613.00000)
        Q3 (546.78125,676.12500) (421.46875,740.87500) (329.00000,741.00000)
        Q3 (207.81250,740.00000) (71.18750,627.00000) (70.00000,527.00000)
        Q3 (69.93750,460.31250) (141.06250,375.68750) (213.00000,357.00000)
        L1 (394.00000,309.00000)
        Q3 (463.40625,291.21875) (528.34375,233.53125) (528.00000,191.00000)
        Q3 (527.65625,161.15625) (499.59375,107.09375) (476.00000,90.00000)
        Q3 (454.12500,74.28125) (386.37500,58.96875) (342.00000,59.00000)
        Q3 (282.28125,58.87500) (199.96875,88.62500) (174.00000,120.00000)
        Q3 (153.81250,143.78125) (135.18750,198.46875) (136.00000,232.00000)
        L1 (48.00000,232.00000)
        Q3 (48.62500,182.34375) (69.37500,110.40625) (91.00000,81.00000)
        Q3 (128.71875,29.21875) (252.53125,-22.96875) (336.00000,-23.00000)
        Q3 (401.50000,-22.87500) (505.50000,5.87500) (541.00000,33.00000)
        Q3 (578.15625,63.12500) (620.59375,151.87500) (621.00000,200.00000)
        Q3 (620.59375,267.96875) (540.65625,362.28125) (466.00000,383.00000)
        L1 (283.00000,432.00000)
        Q3 (217.75000,449.25000) (162.25000,498.75000) (163.00000,540.00000)
        Q3 (164.00000,596.25000) (251.50000,662.25000) (326.00000,663.00000)
        Q3 (413.40625,662.75000) (506.84375,587.25000) (508.00000,515.00000)
    GGO_BEZIER unhinted: 528 bytes, returned 528
      contour 528 bytes, start (596.00000,515.00000)
        C3 (596.00000,565.00000) (593.00000,579.00000) (577.00000,613.00000)
        C3 (537.00000,697.00000) (452.00000,741.00000) (329.00000,741.00000)
        C3 (169.00000,741.00000) (70.00000,659.00000) (70.00000,527.00000)
        C3 (70.00000,438.00000) (117.00000,382.00000) (213.00000,357.00000)
        L1 (394.00000,309.00000)
        C3 (487.00000,285.00000) (528.00000,248.00000) (528.00000,191.00000)
        C3 (528.00000,152.00000) (507.00000,112.00000) (476.00000,90.00000)
        C3 (447.00000,69.00000) (401.00000,59.00000) (342.00000,59.00000)
        C3 (262.00000,59.00000) (209.00000,78.00000) (174.00000,120.00000)
        C3 (147.00000,152.00000) (135.00000,187.00000) (136.00000,232.00000)
        L1 (48.00000,232.00000)
        C3 (49.00000,165.00000) (62.00000,121.00000) (91.00000,81.00000)
        C3 (141.00000,12.00000) (225.00000,-23.00000) (336.00000,-23.00000)
        C3 (423.00000,-23.00000) (494.00000,-3.00000) (541.00000,33.00000)
        C3 (590.00000,72.00000) (621.00000,137.00000) (621.00000,200.00000)
        C3 (621.00000,290.00000) (565.00000,356.00000) (466.00000,383.00000)
        L1 (283.00000,432.00000)
        C3 (195.00000,456.00000) (163.00000,484.00000) (163.00000,540.00000)
        C3 (163.00000,614.00000) (228.00000,663.00000) (326.00000,663.00000)
        C3 (442.00000,663.00000) (507.00000,611.00000) (508.00000,515.00000)
height -1000, quality nonantialiased: face Nimbus Sans, tmHeight 1374 ascent 1075
  char 0x61
    GGO_METRICS: 34860, box 493x562 at (42,539), cell 556,0
  char 0x32
    GGO_METRICS: 43336, box 477x722 at (34,723), cell 556,0
  char 0x4f
    GGO_METRICS: 67248, box 704x764 at (38,741), cell 778,0
  char 0x26
    GGO_METRICS: 54184, box 585x732 at (52,709), cell 667,0
  char 0x40
    GGO_METRICS: 101564, box 917x883 at (34,741), cell 1015,0
  char 0x53
    GGO_METRICS: 55024, box 573x764 at (48,741), cell 667,0
height -1000, quality antialiased: face Nimbus Sans, tmHeight 1374 ascent 1075
  char 0x61
    GGO_METRICS: 34860, box 493x562 at (42,539), cell 556,0
  char 0x32
    GGO_METRICS: 43336, box 477x722 at (34,723), cell 556,0
  char 0x4f
    GGO_METRICS: 67248, box 704x764 at (38,741), cell 778,0
  char 0x26
    GGO_METRICS: 54184, box 585x732 at (52,709), cell 667,0
  char 0x40
    GGO_METRICS: 101564, box 917x883 at (34,741), cell 1015,0
  char 0x53
    GGO_METRICS: 55024, box 573x764 at (48,741), cell 667,0
height -1000, quality cleartype: face Nimbus Sans, tmHeight 1374 ascent 1075
  char 0x61
    GGO_METRICS: 34860, box 493x562 at (42,539), cell 556,0
  char 0x32
    GGO_METRICS: 43336, box 477x722 at (34,723), cell 556,0
  char 0x4f
    GGO_METRICS: 67248, box 704x764 at (38,741), cell 778,0
  char 0x26
    GGO_METRICS: 54184, box 585x732 at (52,709), cell 667,0
  char 0x40
    GGO_METRICS: 101564, box 917x883 at (34,741), cell 1015,0
  char 0x53
    GGO_METRICS: 55024, box 573x764 at (48,741), cell 667,0
