AddFontResourceEx: 1
height -4000, quality default: face Nimbus Sans, tmHeight 5496 ascent 4300
  char 0x61
    GGO_METRICS: 555272, box 1972x2248 at (168,2156), cell 2224,0
    GGO_METRICS unhinted: 555272, box 1972x2248 at (168,2156), cell 2224,0
    GGO_METRICS rotated: 738384, box 2500x2359 at (-618,2588), cell 1926,-1112
    GGO_BITMAP: 557504, box 1972x2248 at (168,2156), cell 2224,0
    GGO_GRAY2_BITMAP: -1, box 3435973836x3435973836 at (-858993460,-858993460), cell -13108,-13108
    GGO_GRAY8_BITMAP: -1, box 3435973836x3435973836 at (-858993460,-858993460), cell -13108,-13108
    GGO_NATIVE: 656 bytes, returned 656
      contour 484 bytes, start (2139.93750,195.93945)
        Q3 (2113.68750,190.19191) (2082.18750,187.69298) (2067.93750,187.94287)
        Q3 (1980.56250,188.44252) (1888.31250,273.44351) (1887.93750,351.94910)
        L1 (1887.93750,1584.04309)
        Q3 (1887.06984,1863.89503) (1487.89955,2155.06676) (1100.00879,2155.93750)
        Q3 (867.85382,2155.31264) (513.07684,2029.61278) (403.97607,1912.03613)
        Q3 (332.75217,1833.42813) (265.27689,1629.67258) (260.02881,1476.03485)
        L1 (595.94727,1476.03485)
        Q3 (615.82469,1667.29939) (855.10390,1848.81261) (1088.00732,1848.06250)
        Q3 (1316.78513,1847.31248) (1555.31253,1686.80090) (1556.06250,1536.03943)
        L1 (1556.06250,1448.03271)
        Q4 (1555.28558,1376.73097) (1493.72334,1287.02043) (1342.81621,1233.31264) (1208.02197,1216.01501)
        Q5 (1032.78183,1193.82582) (810.94225,1162.19841) (674.98816,1135.82141) (582.16432,1107.19421) (535.93994,1088.00525)
        Q3 (352.87323,1010.24931) (168.18707,731.72809) (168.06250,527.96252)
        Q4 (169.02356,337.03725) (335.34857,59.67812) (643.01135,-91.01349) (855.97900,-91.93750)
        Q3 (1051.62813,-92.93732) (1393.41736,55.00189) (1568.05792,215.93872)
        Q3 (1585.05110,55.00189) (1750.99115,-92.93732) (1911.93750,-91.93750)
        Q4 (1947.04861,-92.04855) (2009.27084,-85.60686) (2084.82639,-69.83583) (2139.93750,-55.95288)
      contour 172 bytes, start (1556.06250,659.97260)
        Q3 (1557.18776,578.09134) (1497.93224,454.83194) (1424.04834,387.95184)
        Q3 (1322.16090,294.81975) (1074.88072,200.06252) (927.98779,199.93750)
        Q3 (731.58882,201.06259) (517.31267,375.82593) (515.93750,535.96313)
        Q3 (513.68723,699.47562) (752.21634,882.48958) (1019.99902,919.99243)
        Q5 (1152.21831,937.72816) (1324.20796,964.38646) (1434.87737,988.60706) (1515.35512,1016.76544) (1556.06250,1036.00128)
    GGO_BEZIER: 600 bytes, returned 600
      contour 444 bytes, start (2139.93750,195.93945)
        C3 (2103.93750,187.94287) (2087.93750,187.94287) (2067.93750,187.94287)
        C3 (1951.93750,187.94287) (1887.93750,247.94116) (1887.93750,351.94910)
        L1 (1887.93750,1584.04309)
        C3 (1887.93750,1956.01801) (1616.03961,2155.93750) (1100.00879,2155.93750)
        C3 (791.97119,2155.93750) (547.94141,2067.97186) (403.97607,1912.03613)
        C3 (308.01123,1804.05988) (268.02588,1684.05072) (260.02881,1476.03485)
        L1 (595.94727,1476.03485)
        C3 (623.95068,1732.05438) (775.96924,1848.06250) (1088.00732,1848.06250)
        C3 (1392.04443,1848.06250) (1556.06250,1736.05469) (1556.06250,1536.03943)
        L1 (1556.06250,1448.03271)
        C3 (1552.06396,1304.02173) (1480.05518,1252.01776) (1208.02197,1216.01501)
        C3 (735.96436,1156.01044) (663.95557,1140.00922) (535.93994,1088.00525)
        C3 (292.01709,983.99731) (168.06250,799.98328) (168.06250,527.96252)
        C3 (168.06250,147.95996) (431.96582,-91.93750) (855.97900,-91.93750)
        C3 (1120.01123,-91.93750) (1332.03711,0.02319) (1568.05792,215.93872)
        C3 (1592.04877,0.02319) (1696.00909,-91.93750) (1911.93750,-91.93750)
        C3 (1983.93750,-91.93750) (2027.93750,-83.94092) (2139.93750,-55.95288)
      contour 156 bytes, start (1556.06250,659.97260)
        C3 (1556.06250,547.96405) (1524.06055,479.95886) (1424.04834,387.95184)
        C3 (1288.03174,263.94238) (1124.01172,199.93750) (927.98779,199.93750)
        C3 (667.95605,199.93750) (515.93750,323.94696) (515.93750,535.96313)
        C3 (515.93750,755.97992) (659.95508,867.98846) (1019.99902,919.99243)
        C3 (1376.04248,967.99609) (1444.05078,983.99731) (1556.06250,1036.00128)
    GGO_NATIVE unhinted: 656 bytes, returned 656
      contour 484 bytes, start (2140.00000,196.00000)
        Q3 (2113.75000,190.25000) (2082.25000,187.75000) (2068.00000,188.00000)
        Q3 (1980.62500,188.50000) (1888.37500,273.50000) (1888.00000,352.00000)
        L1 (1888.00000,1584.00000)
        Q3 (1887.12500,1863.87500) (1487.87500,2155.12500) (1100.00000,2156.00000)
        Q3 (867.87500,2155.37500) (513.12500,2029.62500) (404.00000,1912.00000)
        Q3 (332.75000,1833.37500) (265.25000,1629.62500) (260.00000,1476.00000)
        L1 (596.00000,1476.00000)
        Q3 (615.87500,1667.25000) (855.12500,1848.75000) (1088.00000,1848.00000)
        Q3 (1316.75000,1847.25000) (1555.25000,1686.75000) (1556.00000,1536.00000)
        L1 (1556.00000,1448.00000)
        Q4 (1555.22221,1376.70370) (1493.66666,1287.00002) (1342.77776,1233.29631) (1208.00000,1216.00000)
        Q5 (1032.78125,1193.81250) (810.96875,1162.18750) (675.03125,1135.81250) (582.21875,1107.18750) (536.00000,1088.00000)
        Q3 (352.87500,1010.25000) (168.12500,731.75000) (168.00000,528.00000)
        Q4 (168.96297,337.07408) (335.33331,59.66667) (643.03703,-91.07407) (856.00000,-92.00000)
        Q3 (1051.62500,-93.00000) (1393.37500,55.00000) (1568.00000,216.00000)
        Q3 (1585.00000,55.00000) (1751.00000,-93.00000) (1912.00000,-92.00000)
        Q4 (1947.11111,-92.11111) (2009.33334,-85.66666) (2084.88889,-69.88889) (2140.00000,-56.00000)
      contour 172 bytes, start (1556.00000,660.00000)
        Q3 (1557.12500,578.12500) (1497.87500,454.87500) (1424.00000,388.00000)
        Q3 (1322.12500,294.87500) (1074.87500,200.12500) (928.00000,200.00000)
        Q3 (731.62500,201.12500) (517.37500,375.87500) (516.00000,536.00000)
        Q3 (513.75000,699.50000) (752.25000,882.50000) (1020.00000,920.00000)
        Q5 (1152.20313,937.73438) (1324.17188,964.39063) (1434.82813,988.60938) (1515.29688,1016.76563) (1556.00000,1036.00000)
    GGO_BEZIER unhinted: 600 bytes, returned 600
      contour 444 bytes, start (2140.00000,196.00000)
        C3 (2104.00000,188.00000) (2088.00000,188.00000) (2068.00000,188.00000)
        C3 (1952.00000,188.00000) (1888.00000,248.00000) (1888.00000,352.00000)
        L1 (1888.00000,1584.00000)
        C3 (1888.00000,1956.00000) (1616.00000,2156.00000) (1100.00000,2156.00000)
        C3 (792.00000,2156.00000) (548.00000,2068.00000) (404.00000,1912.00000)
        C3 (308.00000,1804.00000) (268.00000,1684.00000) (260.00000,1476.00000)
        L1 (596.00000,1476.00000)
        C3 (624.00000,1732.00000) (776.00000,1848.00000) (1088.00000,1848.00000)
        C3 (1392.00000,1848.00000) (1556.00000,1736.00000) (1556.00000,1536.00000)
        L1 (1556.00000,1448.00000)
        C3 (1552.00000,1304.00000) (1480.00000,1252.00000) (1208.00000,1216.00000)
        C3 (736.00000,1156.00000) (664.00000,1140.00000) (536.00000,1088.00000)
        C3 (292.00000,984.00000) (168.00000,800.00000) (168.00000,528.00000)
        C3 (168.00000,148.00000) (432.00000,-92.00000) (856.00000,-92.00000)
        C3 (1120.00000,-92.00000) (1332.00000,0.00000) (1568.00000,216.00000)
        C3 (1592.00000,0.00000) (1696.00000,-92.00000) (1912.00000,-92.00000)
        C3 (1984.00000,-92.00000) (2028.00000,-84.00000) (2140.00000,-56.00000)
      contour 156 bytes, start (1556.00000,660.00000)
        C3 (1556.00000,548.00000) (1524.00000,480.00000) (1424.00000,388.00000)
        C3 (1288.00000,264.00000) (1124.00000,200.00000) (928.00000,200.00000)
        C3 (668.00000,200.00000) (516.00000,324.00000) (516.00000,536.00000)
        C3 (516.00000,756.00000) (660.00000,868.00000) (1020.00000,920.00000)
        C3 (1376.00000,968.00000) (1444.00000,984.00000) (1556.00000,1036.00000)
  char 0x32
    GGO_METRICS: 690248, box 1908x2888 at (136,2892), cell 2224,0
    GGO_METRICS unhinted: 690248, box 1908x2888 at (136,2892), cell 2224,0
    GGO_METRICS rotated: 1067528, box 2706x3149 at (-955,3220), cell 1926,-1112
    GGO_BITMAP: 693120, box 1908x2888 at (136,2892), cell 2224,0
    GGO_GRAY2_BITMAP: -1, box 3435973836x3435973836 at (-858993460,-858993460), cell -13108,-13108
    GGO_GRAY8_BITMAP: -1, box 3435973836x3435973836 at (-858993460,-858993460), cell -13108,-13108
    GGO_NATIVE: 424 bytes, returned 424
      contour 424 bytes, start (2023.94318,343.93750)
        L1 (532.06250,343.93750)
        Q4 (548.87732,462.78616) (658.06250,658.18329) (871.24768,844.22987) (1044.06250,949.05267)
        L1 (1444.06250,1173.46625)
        Q3 (1741.39375,1339.27182) (2043.56517,1779.08235) (2043.93750,2047.07623)
        Q3 (2043.18768,2229.04260) (1906.73439,2549.32263) (1780.02881,2668.02789)
        Q3 (1654.67802,2781.73116) (1336.43855,2892.18729) (1136.06250,2891.93750)
        Q3 (865.43750,2891.69217) (469.68750,2702.22165) (352.06250,2515.94031)
        Q4 (302.24768,2440.57921) (237.72914,2261.80530) (203.87730,2036.27856) (200.06250,1890.78821)
        L1 (552.06250,1890.78821)
        Q3 (560.68750,2036.18115) (600.43750,2229.28705) (636.06250,2299.54150)
        Q3 (707.06250,2433.03731) (963.06250,2582.81041) (1124.06250,2584.06250)
        Q4 (1285.54399,2582.65256) (1537.39581,2441.80202) (1682.58101,2196.75945) (1684.06250,2039.06146)
        Q3 (1683.68750,1863.98882) (1489.43750,1570.94879) (1300.06250,1461.99799)
        L1 (932.06250,1245.59918)
        Q5 (711.15625,1119.53578) (413.71875,872.89212) (234.40625,591.60381) (146.96875,235.54305) (136.06250,0.06250)
        L1 (2023.94318,0.06250)
    GGO_BEZIER: 384 bytes, returned 384
      contour 384 bytes, start (2023.94318,343.93750)
        L1 (532.06250,343.93750)
        C3 (568.06250,584.38062) (696.06250,736.66125) (1044.06250,949.05267)
        L1 (1444.06250,1173.46625)
        C3 (1840.00775,1393.87244) (2043.93750,1690.41895) (2043.93750,2047.07623)
        C3 (2043.93750,2287.51935) (1947.96985,2511.93292) (1780.02881,2668.02789)
        C3 (1612.06250,2819.96527) (1404.06250,2891.93750) (1136.06250,2891.93750)
        C3 (776.06250,2891.93750) (508.06250,2763.98834) (352.06250,2515.94031)
        C3 (252.06250,2363.65967) (208.06250,2183.32733) (200.06250,1890.78821)
        L1 (552.06250,1890.78821)
        C3 (564.06250,2087.15009) (588.06250,2203.36426) (636.06250,2299.54150)
        C3 (728.06250,2475.86646) (912.06250,2584.06250) (1124.06250,2584.06250)
        C3 (1444.06250,2584.06250) (1684.06250,2351.63751) (1684.06250,2039.06146)
        C3 (1684.06250,1806.63312) (1552.06250,1606.26385) (1300.06250,1461.99799)
        L1 (932.06250,1245.59918)
        C3 (340.06250,904.97144) (168.06250,632.46924) (136.06250,0.06250)
        L1 (2023.94318,0.06250)
    GGO_NATIVE unhinted: 424 bytes, returned 424
      contour 424 bytes, start (2024.00000,348.00000)
        L1 (532.00000,348.00000)
        Q4 (548.81482,466.62964) (658.00000,661.66667) (871.18518,847.37038) (1044.00000,952.00000)
        L1 (1444.00000,1176.00000)
        Q3 (1741.37500,1341.50000) (2043.62500,1780.50000) (2044.00000,2048.00000)
        Q3 (2043.25000,2229.62500) (1906.75000,2549.37500) (1780.00000,2668.00000)
        Q3 (1654.62500,2781.75000) (1336.37500,2892.25000) (1136.00000,2892.00000)
        Q3 (865.37500,2891.75000) (469.62500,2702.25000) (352.00000,2516.00000)
        Q4 (302.18518,2440.77779) (237.66664,2262.33334) (203.81480,2037.22224) (200.00000,1892.00000)
        L1 (552.00000,1892.00000)
        Q3 (560.62500,2037.12500) (600.37500,2229.87500) (636.00000,2300.00000)
        Q3 (707.00000,2433.25000) (963.00000,2582.75000) (1124.00000,2584.00000)
        Q4 (1285.48149,2582.59259) (1537.33331,2442.00000) (1682.51851,2197.40741) (1684.00000,2040.00000)
        Q3 (1683.62500,1865.25000) (1489.37500,1572.75000) (1300.00000,1464.00000)
        L1 (932.00000,1248.00000)
        Q5 (711.09375,1122.17188) (413.65625,875.95313) (234.34375,595.04688) (146.90625,239.32813) (136.00000,4.00000)
        L1 (2024.00000,4.00000)
    GGO_BEZIER unhinted: 384 bytes, returned 384
      contour 384 bytes, start (2024.00000,348.00000)
        L1 (532.00000,348.00000)
        C3 (568.00000,588.00000) (696.00000,740.00000) (1044.00000,952.00000)
        L1 (1444.00000,1176.00000)
        C3 (1840.00000,1396.00000) (2044.00000,1692.00000) (2044.00000,2048.00000)
        C3 (2044.00000,2288.00000) (1948.00000,2512.00000) (1780.00000,2668.00000)
        C3 (1612.00000,2820.00000) (1404.00000,2892.00000) (1136.00000,2892.00000)
        C3 (776.00000,2892.00000) (508.00000,2764.00000) (352.00000,2516.00000)
        C3 (252.00000,2364.00000) (208.00000,2184.00000) (200.00000,1892.00000)
        L1 (552.00000,1892.00000)
        C3 (564.00000,2088.00000) (588.00000,2204.00000) (636.00000,2300.00000)
        C3 (728.00000,2476.00000) (912.00000,2584.00000) (1124.00000,2584.00000)
        C3 (1444.00000,2584.00000) (1684.00000,2352.00000) (1684.00000,2040.00000)
        C3 (1684.00000,1808.00000) (1552.00000,1608.00000) (1300.00000,1464.00000)
        L1 (932.00000,1248.00000)
        C3 (340.00000,908.00000) (168.00000,636.00000) (136.00000,4.00000)
        L1 (2024.00000,4.00000)
  char 0x4f
    GGO_METRICS: 1075728, box 2816x3056 at (152,2964), cell 3112,0
    GGO_METRICS unhinted: 1075728, box 2816x3056 at (152,2964), cell 3112,0
    GGO_METRICS rotated: 1121204, box 2935x3055 at (-835,3551), cell 2695,-1556
    GGO_BITMAP: 1075712, box 2816x3056 at (152,2964), cell 3112,0
    GGO_GRAY2_BITMAP: -1, box 3435973836x3435973836 at (-858993460,-858993460), cell -13108,-13108
    GGO_GRAY8_BITMAP: -1, box 3435973836x3435973836 at (-858993460,-858993460), cell -13108,-13108
    GGO_NATIVE: 372 bytes, returned 372
      contour 212 bytes, start (1556.00049,2963.93750)
        Q5 (1241.31056,2962.68842) (726.54175,2744.21550) (354.48297,2339.74576) (153.23328,1779.25717) (152.06250,1435.99243)
        Q5 (153.17079,1091.27461) (353.54541,530.32176) (725.47917,126.70174) (1242.37312,-90.73541) (1560.00073,-91.93750)
        Q3 (1828.01709,-91.43768) (2286.04504,65.50243) (2464.05591,215.94501)
        Q4 (2622.58322,351.42856) (2847.64037,727.29402) (2967.38258,1172.49883) (2967.93750,1411.99133)
        Q5 (2966.93861,1765.61594) (2768.47076,2336.51125) (2397.50639,2744.44987) (1878.01895,2962.82906) (1556.00049,2963.93750)
      contour 160 bytes, start (1556.00049,2636.06250)
        Q4 (1873.72356,2634.09917) (2339.38089,2336.37457) (2594.35872,1791.97198) (2596.06250,1419.99170)
        Q4 (2593.98833,1065.60510) (2334.71394,534.61786) (1870.09369,238.30798) (1560.00073,235.93750)
        Q4 (1246.12973,238.15982) (781.95323,535.95125) (525.78944,1073.75365) (523.93750,1435.99243)
        Q4 (525.82651,1798.23151) (781.61990,2336.04120) (1244.09256,2633.83990) (1556.00049,2636.06250)
    GGO_BEZIER: 284 bytes, returned 284
      contour 156 bytes, start (1556.00049,2963.93750)
        C3 (719.94946,2963.93750) (152.06250,2348.03418) (152.06250,1435.99243)
        C3 (152.06250,519.95050) (715.94922,-91.93750) (1560.00073,-91.93750)
        C3 (1916.02246,-91.93750) (2228.04150,16.02130) (2464.05591,215.94501)
        C3 (2780.00073,483.94885) (2967.93750,935.96954) (2967.93750,1411.99133)
        C3 (2967.93750,2352.03436) (2412.05273,2963.93750) (1556.00049,2963.93750)
      contour 128 bytes, start (1556.00049,2636.06250)
        C3 (2188.03906,2636.06250) (2596.06250,2160.02557) (2596.06250,1419.99170)
        C3 (2596.06250,715.95947) (2176.03833,235.93750) (1560.00073,235.93750)
        C3 (935.96265,235.93750) (523.93750,715.95947) (523.93750,1435.99243)
        C3 (523.93750,2156.02539) (935.96265,2636.06250) (1556.00049,2636.06250)
    GGO_NATIVE unhinted: 372 bytes, returned 372
      contour 212 bytes, start (1556.00000,2964.00000)
        Q5 (1241.32813,2962.75000) (726.54688,2744.25000) (354.45313,2339.75000) (153.17188,1779.25000) (152.00000,1436.00000)
        Q5 (153.10938,1091.29688) (353.51563,530.32813) (725.48438,126.67188) (1242.39063,-90.79688) (1560.00000,-92.00000)
        Q3 (1828.00000,-91.50000) (2286.00000,65.50000) (2464.00000,216.00000)
        Q4 (2622.55556,351.48148) (2847.66667,727.33334) (2967.44443,1172.51852) (2968.00000,1412.00000)
        Q5 (2967.00000,1765.60938) (2768.50000,2336.51563) (2397.50000,2744.48438) (1878.00000,2962.89063) (1556.00000,2964.00000)
      contour 160 bytes, start (1556.00000,2636.00000)
        Q4 (1873.70370,2634.03703) (2339.33333,2336.33333) (2594.29628,1791.96298) (2596.00000,1420.00000)
        Q4 (2593.92593,1065.62964) (2334.66666,534.66667) (1870.07407,238.37038) (1560.00000,236.00000)
        Q4 (1246.14815,238.22221) (781.99998,536.00000) (525.85184,1073.77779) (524.00000,1436.00000)
        Q4 (525.88889,1798.22221) (781.66667,2336.00000) (1244.11110,2633.77779) (1556.00000,2636.00000)
    GGO_BEZIER unhinted: 284 bytes, returned 284
      contour 156 bytes, start (1556.00000,2964.00000)
        C3 (720.00000,2964.00000) (152.00000,2348.00000) (152.00000,1436.00000)
        C3 (152.00000,520.00000) (716.00000,-92.00000) (1560.00000,-92.00000)
        C3 (1916.00000,-92.00000) (2228.00000,16.00000) (2464.00000,216.00000)
        C3 (2780.00000,484.00000) (2968.00000,936.00000) (2968.00000,1412.00000)
        C3 (2968.00000,2352.00000) (2412.00000,2964.00000) (1556.00000,2964.00000)
      contour 128 bytes, start (1556.00000,2636.00000)
        C3 (2188.00000,2636.00000) (2596.00000,2160.00000) (2596.00000,1420.00000)
        C3 (2596.00000,716.00000) (2176.00000,236.00000) (1560.00000,236.00000)
        C3 (936.00000,236.00000) (524.00000,716.00000) (524.00000,1436.00000)
        C3 (524.00000,2156.00000) (936.00000,2636.00000) (1556.00000,2636.00000)
  char 0x26
    GGO_METRICS: 857920, box 2340x2928 at (208,2836), cell 2668,0
    GGO_METRICS unhinted: 857920, box 2340x2928 at (208,2836), cell 2668,0
    GGO_METRICS rotated: 1049636, box 2931x2860 at (-724,3164), cell 2311,-1334
    GGO_BITMAP: 866688, box 2340x2928 at (208,2836), cell 2668,0
    GGO_GRAY2_BITMAP: -1, box 3435973836x3435973836 at (-858993460,-858993460), cell -13108,-13108
    GGO_GRAY8_BITMAP: -1, box 3435973836x3435973836 at (-858993460,-858993460), cell -13108,-13108
    GGO_NATIVE: 684 bytes, returned 684
      contour 400 bytes, start (1971.93750,1336.00562)
        Q4 (1973.75224,1263.07524) (1944.93813,1096.32433) (1888.12653,930.90683) (1847.94507,859.97656)
        L1 (1316.02100,1512.01636)
        Q4 (1522.67200,1628.35680) (1765.30011,1838.36961) (1869.27155,2065.71683) (1867.93750,2208.05884)
        Q4 (1866.42137,2393.46155) (1700.32106,2675.32935) (1407.53998,2834.53221) (1216.00269,2835.93750)
        Q4 (1021.97800,2834.08795) (714.00981,2668.66565) (534.05988,2385.90935) (532.06250,2208.05884)
        Q4 (531.06288,2115.97914) (589.04076,1935.37553) (730.98659,1712.10266) (855.93890,1556.01904)
        Q4 (607.86285,1414.45485) (323.69629,1163.32841) (206.17323,885.53369) (208.06250,703.96704)
        Q4 (209.57884,462.54758) (413.00203,106.00258) (780.42358,-90.53267) (1027.93750,-91.93750)
        Q3 (1178.68750,-91.81255) (1447.18750,-21.09061) (1555.93750,48.00696)
        Q4 (1596.97455,75.10693) (1679.93750,139.97388) (1786.90045,236.84174) (1863.93750,311.94312)
        L3 (2111.93750,0.06250) (2547.93750,0.06250) (2059.93750,603.96149)
        Q3 (2171.56250,776.84441) (2291.31250,1154.11169) (2291.93750,1335.99500)
      contour 160 bytes, start (1139.98877,1724.01276)
        Q5 (1049.14403,1827.86125) (937.40480,1968.43021) (879.48795,2069.62234) (859.26549,2159.18893) (859.93750,2212.03510)
        Q3 (861.93787,2370.04305) (1045.97156,2554.06169) (1204.00049,2556.06250)
        Q4 (1304.90782,2555.21039) (1461.38008,2467.71930) (1551.17346,2314.89189) (1552.06250,2216.03528)
        Q4 (1552.87749,2129.03130) (1472.71548,1975.02425) (1291.20158,1817.01701) (1139.98877,1724.01276)
      contour 124 bytes, start (1671.93750,547.93750)
        Q4 (1560.75232,430.41899) (1363.27081,285.60417) (1171.12268,219.45602) (1067.93750,219.93750)
        Q4 (922.23380,221.53009) (685.93748,357.60417) (545.64119,588.34492) (543.93750,731.93750)
        Q4 (542.86342,842.67824) (636.27083,1036.60417) (851.01157,1233.19678) (1031.93750,1347.93750)
    GGO_BEZIER: 564 bytes, returned 564
      contour 336 bytes, start (1971.93750,1336.00562)
        C3 (1975.93750,1191.99683) (1927.93750,999.98511) (1847.94507,859.97656)
        L1 (1316.02100,1512.01636)
        C3 (1731.99109,1748.03076) (1867.93750,1920.04126) (1867.93750,2208.05884)
        C3 (1867.93750,2576.05365) (1596.04504,2835.93750) (1216.00269,2835.93750)
        C3 (831.94806,2835.93750) (532.06250,2560.06073) (532.06250,2208.05884)
        C3 (532.06250,2020.04736) (604.03503,1872.03833) (855.93890,1556.01904)
        C3 (356.00830,1268.00146) (208.06250,1071.98950) (208.06250,703.96704)
        C3 (208.06250,223.93774) (535.94238,-91.93750) (1027.93750,-91.93750)
        C3 (1227.93750,-91.93750) (1411.93750,-43.95654) (1555.93750,48.00696)
        C3 (1639.93750,103.98474) (1707.93750,159.96252) (1863.93750,311.94312)
        L3 (2111.93750,0.06250) (2547.93750,0.06250) (2059.93750,603.96149)
        C3 (2207.93750,831.97192) (2291.93750,1095.98401) (2291.93750,1335.99500)
      contour 128 bytes, start (1139.98877,1724.01276)
        C3 (895.94409,2004.02557) (859.93750,2068.02850) (859.93750,2212.03510)
        C3 (859.93750,2420.04462) (995.96240,2556.06250) (1204.00049,2556.06250)
        C3 (1404.03711,2556.06250) (1552.06250,2412.04425) (1552.06250,2216.03528)
        C3 (1552.06250,2040.02722) (1444.04443,1912.02136) (1139.98877,1724.01276)
      contour 100 bytes, start (1671.93750,547.93750)
        C3 (1447.93750,311.93750) (1275.93750,219.93750) (1067.93750,219.93750)
        C3 (779.93750,219.93750) (543.93750,447.93750) (543.93750,731.93750)
        C3 (543.93750,955.93750) (667.93750,1115.93750) (1031.93750,1347.93750)
    GGO_NATIVE unhinted: 684 bytes, returned 684
      contour 400 bytes, start (1972.00000,1336.00000)
        Q4 (1973.81482,1263.07407) (1945.00000,1096.33334) (1888.18518,930.92593) (1848.00000,860.00000)
        L1 (1316.00000,1512.00000)
        Q4 (1522.66667,1628.33333) (1765.33333,1838.33334) (1869.33331,2065.66667) (1868.00000,2208.00000)
        Q4 (1866.48149,2393.40741) (1700.33331,2675.33336) (1407.51851,2834.59261) (1216.00000,2836.00000)
        Q4 (1022.00000,2834.14815) (714.00000,2668.66667) (534.00000,2385.85187) (532.00000,2208.00000)
        Q4 (531.00000,2115.92592) (589.00000,1935.33334) (731.00000,1712.07408) (856.00000,1556.00000)
        Q4 (607.88889,1414.44444) (323.66667,1163.33333) (206.11110,885.55557) (208.00000,704.00000)
        Q4 (209.51852,462.59259) (412.99998,106.00000) (780.48146,-90.59259) (1028.00000,-92.00000)
        Q3 (1178.75000,-91.87500) (1447.25000,-21.12500) (1556.00000,48.00000)
        Q4 (1597.03705,75.11111) (1680.00000,140.00002) (1786.96295,236.88890) (1864.00000,312.00000)
        L3 (2112.00000,0.00000) (2548.00000,0.00000) (2060.00000,604.00000)
        Q3 (2171.62500,776.87500) (2291.37500,1154.12500) (2292.00000,1336.00000)
      contour 160 bytes, start (1140.00000,1724.00000)
        Q5 (1049.17188,1827.84375) (937.45313,1968.40625) (879.54688,2069.59375) (859.32813,2159.15625) (860.00000,2212.00000)
        Q3 (862.00000,2370.00000) (1046.00000,2554.00000) (1204.00000,2556.00000)
        Q4 (1304.88890,2555.14815) (1461.33331,2467.66667) (1551.11110,2314.85187) (1552.00000,2216.00000)
        Q4 (1552.81480,2129.00000) (1472.66666,1975.00000) (1291.18517,1817.00000) (1140.00000,1724.00000)
      contour 124 bytes, start (1672.00000,548.00000)
        Q4 (1560.81482,430.48149) (1363.33331,285.66667) (1171.18518,219.51852) (1068.00000,220.00000)
        Q4 (922.29630,221.59259) (685.99998,357.66667) (545.70369,588.40742) (544.00000,732.00000)
        Q4 (542.92592,842.74074) (636.33333,1036.66667) (851.07407,1233.25928) (1032.00000,1348.00000)
    GGO_BEZIER unhinted: 564 bytes, returned 564
      contour 336 bytes, start (1972.00000,1336.00000)
        C3 (1976.00000,1192.00000) (1928.00000,1000.00000) (1848.00000,860.00000)
        L1 (1316.00000,1512.00000)
        C3 (1732.00000,1748.00000) (1868.00000,1920.00000) (1868.00000,2208.00000)
        C3 (1868.00000,2576.00000) (1596.00000,2836.00000) (1216.00000,2836.00000)
        C3 (832.00000,2836.00000) (532.00000,2560.00000) (532.00000,2208.00000)
        C3 (532.00000,2020.00000) (604.00000,1872.00000) (856.00000,1556.00000)
        C3 (356.00000,1268.00000) (208.00000,1072.00000) (208.00000,704.00000)
        C3 (208.00000,224.00000) (536.00000,-92.00000) (1028.00000,-92.00000)
        C3 (1228.00000,-92.00000) (1412.00000,-44.00000) (1556.00000,48.00000)
        C3 (1640.00000,104.00000) (1708.00000,160.00000) (1864.00000,312.00000)
        L3 (2112.00000,0.00000) (2548.00000,0.00000) (2060.00000,604.00000)
        C3 (2208.00000,832.00000) (2292.00000,1096.00000) (2292.00000,1336.00000)
      contour 128 bytes, start (1140.00000,1724.00000)
        C3 (896.00000,2004.00000) (860.00000,2068.00000) (860.00000,2212.00000)
        C3 (860.00000,2420.00000) (996.00000,2556.00000) (1204.00000,2556.00000)
        C3 (1404.00000,2556.00000) (1552.00000,2412.00000) (1552.00000,2216.00000)
        C3 (1552.00000,2040.00000) (1444.00000,1912.00000) (1140.00000,1724.00000)
      contour 100 bytes, start (1672.00000,548.00000)
        C3 (1448.00000,312.00000) (1276.00000,220.00000) (1068.00000,220.00000)
        C3 (780.00000,220.00000) (544.00000,448.00000) (544.00000,732.00000)
        C3 (544.00000,956.00000) (668.00000,1116.00000) (1032.00000,1348.00000)
  char 0x40
    GGO_METRICS: 1621204, box 3668x3532 at (136,2964), cell 4060,0
    GGO_METRICS unhinted: 1621204, box 3668x3532 at (136,2964), cell 4060,0
    GGO_METRICS rotated: 1547776, box 3380x3659 at (-649,3870), cell 3516,-2030
    GGO_BITMAP: 1624720, box 3668x3532 at (136,2964), cell 4060,0
    GGO_GRAY2_BITMAP: -1, box 3435973836x3435973836 at (-858993460,-858993460), cell -13108,-13108
    GGO_GRAY8_BITMAP: -1, box 3435973836x3435973836 at (-858993460,-858993460), cell -13108,-13108
    GGO_NATIVE: 932 bytes, returned 932
      contour 728 bytes, start (2660.01343,2003.97852)
        L1 (2572.00806,1740.05066)
        Q3 (2496.50345,1914.00650) (2249.48837,2087.93929) (2083.97827,2087.93750)
        Q5 (1881.21706,2086.07909) (1513.23820,1906.69948) (1224.77803,1596.25894) (1057.81145,1199.35941) (1056.06250,979.98108)
        Q4 (1057.80150,769.96460) (1227.01262,440.67259) (1520.22076,250.05995) (1707.95532,248.06250)
        Q3 (1865.33994,247.31229) (2139.60666,386.74997) (2275.98999,535.94043)
        Q3 (2303.11665,382.87297) (2523.88011,228.18701) (2716.01685,228.06250)
        Q3 (2940.28058,227.81137) (3307.80261,404.24562) (3460.06104,583.94446)
        Q3 (3625.87544,778.08723) (3803.06267,1236.87924) (3803.93750,1476.02612)
        Q5 (3801.54788,1784.07158) (3535.98117,2321.41499) (3066.97823,2730.51486) (2451.89020,2961.87517) (2099.97925,2963.93750)
        Q4 (1860.30035,2963.27231) (1382.32753,2839.31009) (945.68431,2608.68057) (767.99988,2448.01440)
        Q4 (571.17429,2268.20151) (288.68730,1809.98825) (136.87544,1295.78433) (136.06250,1031.98547)
        Q5 (138.42194,696.91298) (417.81813,117.87999) (915.26508,-319.78940) (1574.13615,-565.84367) (1955.97046,-567.93750)
        Q3 (2179.35910,-567.56265) (2639.63718,-481.34819) (2860.02563,-400.00671)
        L1 (2748.01880,-132.02930)
        Q4 (2583.08279,-177.85600) (2314.99236,-234.38918) (2082.90413,-260.24773) (1971.97144,-260.06250)
        Q5 (1653.69820,-258.45239) (1110.66458,-54.02321) (704.29369,312.97218) (477.73541,803.89110) (475.93750,1091.99097)
        Q5 (478.32883,1409.37477) (727.44292,1972.14867) (1163.49652,2405.92183) (1729.09767,2653.68723) (2047.97607,2656.06250)
        Q5 (2337.99377,2654.31122) (2846.02492,2461.77783) (3234.04880,2122.24443) (3454.06236,1677.74184) (3456.06250,1424.02136)
        Q5 (3454.79680,1248.28653) (3342.94608,921.94415) (3152.15297,661.98286) (2912.79448,509.65642) (2784.02100,507.93750)
        Q3 (2700.64091,509.93768) (2586.38393,609.94684) (2584.00879,683.95361)
        Q3 (2584.00879,711.45613) (2608.01025,814.46556) (2632.01172,883.97192)
        L1 (2992.03369,2003.97852)
      contour 204 bytes, start (2059.97681,1832.06250)
        Q4 (2173.05779,1831.06235) (2346.32761,1731.71809) (2440.92598,1559.03380) (2435.99976,1448.02356)
        Q5 (2432.57768,1371.75095) (2393.29402,1183.38998) (2331.69650,989.59097) (2257.91075,820.73177) (2219.98657,763.96094)
        Q3 (2134.85638,640.07486) (1924.09351,504.81259) (1811.96167,503.93750)
        Q4 (1700.73265,505.34503) (1522.27731,629.94904) (1417.15977,842.56110) (1415.93750,975.98071)
        Q5 (1417.03133,1145.43375) (1521.60020,1452.08784) (1702.29872,1691.98615) (1932.87529,1830.62486) (2059.97681,1832.06250)
    GGO_BEZIER: 740 bytes, returned 740
      contour 584 bytes, start (2660.01343,2003.97852)
        L1 (2572.00806,1740.05066)
        C3 (2472.00195,1971.99414) (2303.99170,2087.93750) (2083.97827,2087.93750)
        C3 (1547.94556,2087.93750) (1056.06250,1560.03418) (1056.06250,979.98108)
        C3 (1056.06250,563.94299) (1335.96423,248.06250) (1707.95532,248.06250)
        C3 (1919.96826,248.06250) (2091.97876,336.01953) (2275.98999,535.94043)
        C3 (2311.99219,332.01648) (2460.00122,228.06250) (2716.01685,228.06250)
        C3 (3016.03516,228.06250) (3256.04980,344.01117) (3460.06104,583.94446)
        C3 (3679.98047,839.96790) (3803.93750,1159.99719) (3803.93750,1476.02612)
        C3 (3803.93750,2291.98108) (3032.03613,2963.93750) (2099.97925,2963.93750)
        C3 (1623.95020,2963.93750) (1120.04004,2768.01636) (767.99988,2448.01440)
        C3 (375.97461,2091.93835) (136.06250,1556.03345) (136.06250,1031.98547)
        C3 (136.06250,144.04230) (944.03748,-567.93750) (1955.97046,-567.93750)
        C3 (2251.98853,-567.93750) (2568.00781,-507.96222) (2860.02563,-400.00671)
        L1 (2748.01880,-132.02930)
        C3 (2415.99854,-224.05316) (2195.98511,-260.06250) (1971.97144,-260.06250)
        C3 (1128.03723,-260.06250) (475.93750,328.01825) (475.93750,1091.99097)
        C3 (475.93750,1932.01367) (1204.01056,2656.06250) (2047.97607,2656.06250)
        C3 (2816.02295,2656.06250) (3456.06250,2095.93921) (3456.06250,1424.02136)
        C3 (3456.06250,959.97888) (3124.04175,507.93750) (2784.02100,507.93750)
        C3 (2676.01440,507.93750) (2584.00879,587.94482) (2584.00879,683.95361)
        C3 (2584.00879,719.95691) (2600.00977,791.96350) (2632.01172,883.97192)
        L1 (2992.03369,2003.97852)
      contour 156 bytes, start (2059.97681,1832.06250)
        C3 (2283.99048,1832.06250) (2448.00049,1668.04370) (2435.99976,1448.02356)
        C3 (2427.99927,1248.00525) (2319.99268,911.97449) (2219.98657,763.96094)
        C3 (2107.97974,599.94629) (1959.97070,503.93750) (1811.96167,503.93750)
        C3 (1591.94824,503.93750) (1415.93750,711.95654) (1415.93750,975.98071)
        C3 (1415.93750,1424.02173) (1723.95630,1832.06250) (2059.97681,1832.06250)
    GGO_NATIVE unhinted: 932 bytes, returned 932
      contour 728 bytes, start (2660.00000,2004.00000)
        L1 (2572.00000,1740.00000)
        Q3 (2496.50000,1914.00000) (2249.50000,2088.00000) (2084.00000,2088.00000)
        Q5 (1881.25000,2086.14063) (1513.25000,1906.73438) (1224.75000,1596.26563) (1057.75000,1199.35938) (1056.00000,980.00000)
        Q4 (1057.74074,770.00000) (1226.99998,440.66667) (1520.25925,250.00002) (1708.00000,248.00000)
        Q3 (1865.37500,247.25000) (2139.62500,386.75000) (2276.00000,536.00000)
        Q3 (2303.12500,382.87500) (2523.87500,228.12500) (2716.00000,228.00000)
        Q3 (2940.25000,227.75000) (3307.75000,404.25000) (3460.00000,584.00000)
        Q3 (3625.87500,778.12500) (3803.12500,1236.87500) (3804.00000,1476.00000)
        Q5 (3801.60938,1784.06250) (3536.01563,2321.43750) (3066.98438,2730.56250) (2451.89063,2961.93750) (2100.00000,2964.00000)
        Q4 (1860.33333,2963.33333) (1382.33333,2839.33334) (945.66666,2608.66667) (768.00000,2448.00000)
        Q4 (571.18518,2268.22221) (288.66664,1810.00000) (136.81480,1295.77779) (136.00000,1032.00000)
        Q5 (138.35938,696.90625) (417.76563,117.84375) (915.23438,-319.84375) (1574.14063,-565.90625) (1956.00000,-568.00000)
        Q3 (2179.37500,-567.62500) (2639.62500,-481.37500) (2860.00000,-400.00000)
        L1 (2748.00000,-132.00000)
        Q4 (2583.07407,-177.81482) (2314.99998,-234.33331) (2082.92592,-260.18518) (1972.00000,-260.00000)
        Q5 (1653.70313,-258.39063) (1110.67188,-53.98438) (704.32813,312.98438) (477.79688,803.89063) (476.00000,1092.00000)
        Q5 (478.39063,1409.37500) (727.48438,1972.12500) (1163.51563,2405.87500) (1729.10938,2653.62500) (2048.00000,2656.00000)
        Q5 (2338.00000,2654.25000) (2846.00000,2461.75000) (3234.00000,2122.25000) (3454.00000,1677.75000) (3456.00000,1424.00000)
        Q5 (3454.73438,1248.28125) (3342.89063,921.96875) (3152.10938,662.03125) (2912.76563,509.71875) (2784.00000,508.00000)
        Q3 (2700.62500,510.00000) (2586.37500,610.00000) (2584.00000,684.00000)
        Q3 (2584.00000,711.50000) (2608.00000,814.50000) (2632.00000,884.00000)
        L1 (2992.00000,2004.00000)
      contour 204 bytes, start (2060.00000,1832.00000)
        Q4 (2173.07408,1831.00000) (2346.33333,1731.66667) (2440.92590,1559.00002) (2436.00000,1448.00000)
        Q5 (2432.57813,1371.73438) (2393.29688,1183.39063) (2331.70313,989.60938) (2257.92188,820.76563) (2220.00000,764.00000)
        Q3 (2134.87500,640.12500) (1924.12500,504.87500) (1812.00000,504.00000)
        Q4 (1700.77777,505.40741) (1522.33333,630.00000) (1417.22221,842.59259) (1416.00000,976.00000)
        Q5 (1417.09375,1145.43750) (1521.65625,1452.06250) (1702.34375,1691.93750) (1932.90625,1830.56250) (2060.00000,1832.00000)
    GGO_BEZIER unhinted: 740 bytes, returned 740
      contour 584 bytes, start (2660.00000,2004.00000)
        L1 (2572.00000,1740.00000)
        C3 (2472.00000,1972.00000) (2304.00000,2088.00000) (2084.00000,2088.00000)
        C3 (1548.00000,2088.00000) (1056.00000,1560.00000) (1056.00000,980.00000)
        C3 (1056.00000,564.00000) (1336.00000,248.00000) (1708.00000,248.00000)
        C3 (1920.00000,248.00000) (2092.00000,336.00000) (2276.00000,536.00000)
        C3 (2312.00000,332.00000) (2460.00000,228.00000) (2716.00000,228.00000)
        C3 (3016.00000,228.00000) (3256.00000,344.00000) (3460.00000,584.00000)
        C3 (3680.00000,840.00000) (3804.00000,1160.00000) (3804.00000,1476.00000)
        C3 (3804.00000,2292.00000) (3032.00000,2964.00000) (2100.00000,2964.00000)
        C3 (1624.00000,2964.00000) (1120.00000,2768.00000) (768.00000,2448.00000)
        C3 (376.00000,2092.00000) (136.00000,1556.00000) (136.00000,1032.00000)
        C3 (136.00000,144.00000) (944.00000,-568.00000) (1956.00000,-568.00000)
        C3 (2252.00000,-568.00000) (2568.00000,-508.00000) (2860.00000,-400.00000)
        L1 (2748.00000,-132.00000)
        C3 (2416.00000,-224.00000) (2196.00000,-260.00000) (1972.00000,-260.00000)
        C3 (1128.00000,-260.00000) (476.00000,328.00000) (476.00000,1092.00000)
        C3 (476.00000,1932.00000) (1204.00000,2656.00000) (2048.00000,2656.00000)
        C3 (2816.00000,2656.00000) (3456.00000,2096.00000) (3456.00000,1424.00000)
        C3 (3456.00000,960.00000) (3124.00000,508.00000) (2784.00000,508.00000)
        C3 (2676.00000,508.00000) (2584.00000,588.00000) (2584.00000,684.00000)
        C3 (2584.00000,720.00000) (2600.00000,792.00000) (2632.00000,884.00000)
        L1 (2992.00000,2004.00000)
      contour 156 bytes, start (2060.00000,1832.00000)
        C3 (2284.00000,1832.00000) (2448.00000,1668.00000) (2436.00000,1448.00000)
        C3 (2428.00000,1248.00000) (2320.00000,912.00000) (2220.00000,764.00000)
        C3 (2108.00000,600.00000) (1960.00000,504.00000) (1812.00000,504.00000)
        C3 (1592.00000,504.00000) (1416.00000,712.00000) (1416.00000,976.00000)
        C3 (1416.00000,1424.00000) (1724.00000,1832.00000) (2060.00000,1832.00000)
  char 0x53
    GGO_METRICS: 877088, box 2292x3056 at (192,2964), cell 2668,0
    GGO_METRICS unhinted: 877088, box 2292x3056 at (192,2964), cell 2668,0
    GGO_METRICS rotated: 1064016, box 2797x3040 at (-932,3424), cell 2311,-1334
    GGO_BITMAP: 880128, box 2292x3056 at (192,2964), cell 2668,0
    GGO_GRAY2_BITMAP: -1, box 3435973836x3435973836 at (-858993460,-858993460), cell -13108,-13108
    GGO_GRAY8_BITMAP: -1, box 3435973836x3435973836 at (-858993460,-858993460), cell -13108,-13108
    GGO_NATIVE: 568 bytes, returned 568
      contour 568 bytes, start (2383.97119,2060.02100)
        Q4 (2384.34145,2157.95140) (2372.64166,2282.69788) (2339.61571,2386.11000) (2307.99670,2452.03894)
        Q3 (2187.16127,2704.51265) (1685.90778,2963.44101) (1315.99829,2963.93750)
        Q4 (994.56441,2962.75456) (531.33929,2755.99042) (281.46709,2373.21822) (280.06250,2108.02319)
        Q3 (279.80992,1841.26099) (564.24106,1502.74548) (851.95581,1427.99207)
        L1 (1576.02209,1235.98328)
        Q3 (1853.67197,1164.85501) (2113.43816,934.09445) (2112.06250,763.96167)
        Q3 (2110.68791,644.58121) (1998.43521,428.32132) (1904.05212,359.94318)
        Q3 (1816.54411,297.06531) (1545.51930,235.81250) (1368.00305,235.93750)
        Q3 (1129.10619,235.43748) (799.82602,354.44293) (695.94153,479.94867)
        Q3 (615.20522,575.07802) (540.72437,793.83804) (543.97388,927.96918)
        L1 (192.06250,927.96918)
        Q3 (194.56339,729.33508) (277.55455,441.57191) (364.03430,323.94153)
        Q3 (514.85934,116.86842) (1010.09496,-91.81372) (1344.00085,-91.93750)
        Q3 (1606.02580,-91.43770) (2022.05423,23.51845) (2164.04504,131.97705)
        Q4 (2262.49347,210.99596) (2405.63051,425.94989) (2483.45616,672.92006) (2483.93750,799.96332)
        Q3 (2482.31610,1071.85075) (2162.64313,1449.11804) (1864.04846,1531.99683)
        L1 (1131.98145,1728.00580)
        Q4 (956.85431,1775.11906) (745.27936,1890.67993) (651.04852,2048.90938) (651.93750,2160.02557)
        Q4 (653.12279,2308.92154) (814.61906,2529.38303) (1106.79395,2651.17331) (1303.99719,2652.06250)
        Q3 (1653.65421,2651.06155) (2027.43840,2349.03513) (2032.06384,2060.02100)
    GGO_BEZIER: 528 bytes, returned 528
      contour 528 bytes, start (2383.97119,2060.02100)
        C3 (2383.97119,2260.03015) (2371.97522,2316.03271) (2307.99670,2452.03894)
        C3 (2148.05042,2788.00854) (1808.04333,2963.93750) (1315.99829,2963.93750)
        C3 (675.93970,2963.93750) (280.06250,2636.04736) (280.06250,2108.02319)
        C3 (280.06250,1752.00690) (467.99939,1527.99664) (851.95581,1427.99207)
        L1 (1576.02209,1235.98328)
        C3 (1948.05615,1139.97888) (2112.06250,991.97211) (2112.06250,763.96167)
        C3 (2112.06250,607.95453) (2028.06348,447.94720) (1904.05212,359.94318)
        C3 (1788.04150,275.93933) (1604.02466,235.93750) (1368.00305,235.93750)
        C3 (1047.97375,235.93750) (835.95435,311.94098) (695.94153,479.94867)
        C3 (587.95911,607.95453) (539.97522,747.96094) (543.97388,927.96918)
        L1 (192.06250,927.96918)
        C3 (196.06250,659.95691) (248.06250,483.94885) (364.03430,323.94153)
        C3 (563.96716,48.00909) (899.96021,-91.93750) (1344.00085,-91.93750)
        C3 (1692.03271,-91.93750) (1976.05872,-11.96802) (2164.04504,131.97705)
        C3 (2359.97925,287.93988) (2483.93750,547.95178) (2483.93750,799.96332)
        C3 (2483.93750,1159.97980) (2260.01282,1423.99188) (1864.04846,1531.99683)
        L1 (1131.98145,1728.00580)
        C3 (779.94922,1824.01019) (651.93750,1936.01532) (651.93750,2160.02557)
        C3 (651.93750,2456.03912) (911.96130,2652.06250) (1303.99719,2652.06250)
        C3 (1768.03967,2652.06250) (2028.06348,2444.03857) (2032.06384,2060.02100)
    GGO_NATIVE unhinted: 568 bytes, returned 568
      contour 568 bytes, start (2384.00000,2060.00000)
        Q4 (2384.37038,2157.92592) (2372.66666,2282.66667) (2339.62962,2386.07410) (2308.00000,2452.00000)
        Q3 (2187.12500,2704.50000) (1685.87500,2963.50000) (1316.00000,2964.00000)
        Q4 (994.59259,2962.81480) (531.33333,2756.00000) (281.40739,2373.18520) (280.00000,2108.00000)
        Q3 (279.75000,1841.25000) (564.25000,1502.75000) (852.00000,1428.00000)
        L1 (1576.00000,1236.00000)
        Q3 (1853.62500,1164.87500) (2113.37500,934.12500) (2112.00000,764.00000)
        Q3 (2110.62500,644.62500) (1998.37500,428.37500) (1904.00000,360.00000)
        Q3 (1816.50000,297.12500) (1545.50000,235.87500) (1368.00000,236.00000)
        Q3 (1129.12500,235.50000) (799.87500,354.50000) (696.00000,480.00000)
        Q3 (615.25000,575.12500) (540.75000,793.87500) (544.00000,928.00000)
        L1 (192.00000,928.00000)
        Q3 (194.50000,729.37500) (277.50000,441.62500) (364.00000,324.00000)
        Q3 (514.87500,116.87500) (1010.12500,-91.87500) (1344.00000,-92.00000)
        Q3 (1606.00000,-91.50000) (2022.00000,23.50000) (2164.00000,132.00000)
        Q4 (2262.48148,211.03703) (2405.66667,426.00000) (2483.51851,672.96297) (2484.00000,800.00000)
        Q3 (2482.37500,1071.87500) (2162.62500,1449.12500) (1864.00000,1532.00000)
        L1 (1132.00000,1728.00000)
        Q4 (956.88890,1775.11110) (745.33331,1890.66669) (651.11110,2048.88890) (652.00000,2160.00000)
        Q4 (653.18518,2308.88889) (814.66664,2529.33334) (1106.81480,2651.11111) (1304.00000,2652.00000)
        Q3 (1653.62500,2651.00000) (2027.37500,2349.00000) (2032.00000,2060.00000)
    GGO_BEZIER unhinted: 528 bytes, returned 528
      contour 528 bytes, start (2384.00000,2060.00000)
        C3 (2384.00000,2260.00000) (2372.00000,2316.00000) (2308.00000,2452.00000)
        C3 (2148.00000,2788.00000) (1808.00000,2964.00000) (1316.00000,2964.00000)
        C3 (676.00000,2964.00000) (280.00000,2636.00000) (280.00000,2108.00000)
        C3 (280.00000,1752.00000) (468.00000,1528.00000) (852.00000,1428.00000)
        L1 (1576.00000,1236.00000)
        C3 (1948.00000,1140.00000) (2112.00000,992.00000) (2112.00000,764.00000)
        C3 (2112.00000,608.00000) (2028.00000,448.00000) (1904.00000,360.00000)
        C3 (1788.00000,276.00000) (1604.00000,236.00000) (1368.00000,236.00000)
        C3 (1048.00000,236.00000) (836.00000,312.00000) (696.00000,480.00000)
        C3 (588.00000,608.00000) (540.00000,748.00000) (544.00000,928.00000)
        L1 (192.00000,928.00000)
        C3 (196.00000,660.00000) (248.00000,484.00000) (364.00000,324.00000)
        C3 (564.00000,48.00000) (900.00000,-92.00000) (1344.00000,-92.00000)
        C3 (1692.00000,-92.00000) (1976.00000,-12.00000) (2164.00000,132.00000)
        C3 (2360.00000,288.00000) (2484.00000,548.00000) (2484.00000,800.00000)
        C3 (2484.00000,1160.00000) (2260.00000,1424.00000) (1864.00000,1532.00000)
        L1 (1132.00000,1728.00000)
        C3 (780.00000,1824.00000) (652.00000,1936.00000) (652.00000,2160.00000)
        C3 (652.00000,2456.00000) (912.00000,2652.00000) (1304.00000,2652.00000)
        C3 (1768.00000,2652.00000) (2028.00000,2444.00000) (2032.00000,2060.00000)
height -4000, quality nonantialiased: face Nimbus Sans, tmHeight 5496 ascent 4300
  char 0x61
    GGO_METRICS: 555272, box 1972x2248 at (168,2156), cell 2224,0
  char 0x32
    GGO_METRICS: 690248, box 1908x2888 at (136,2892), cell 2224,0
  char 0x4f
    GGO_METRICS: 1075728, box 2816x3056 at (152,2964), cell 3112,0
  char 0x26
    GGO_METRICS: 857920, box 2340x2928 at (208,2836), cell 2668,0
  char 0x40
    GGO_METRICS: 1621204, box 3668x3532 at (136,2964), cell 4060,0
  char 0x53
    GGO_METRICS: 877088, box 2292x3056 at (192,2964), cell 2668,0
height -4000, quality antialiased: face Nimbus Sans, tmHeight 5496 ascent 4300
  char 0x61
    GGO_METRICS: 555272, box 1972x2248 at (168,2156), cell 2224,0
  char 0x32
    GGO_METRICS: 690248, box 1908x2888 at (136,2892), cell 2224,0
  char 0x4f
    GGO_METRICS: 1075728, box 2816x3056 at (152,2964), cell 3112,0
  char 0x26
    GGO_METRICS: 857920, box 2340x2928 at (208,2836), cell 2668,0
  char 0x40
    GGO_METRICS: 1621204, box 3668x3532 at (136,2964), cell 4060,0
  char 0x53
    GGO_METRICS: 877088, box 2292x3056 at (192,2964), cell 2668,0
height -4000, quality cleartype: face Nimbus Sans, tmHeight 5496 ascent 4300
  char 0x61
    GGO_METRICS: 555272, box 1972x2248 at (168,2156), cell 2224,0
  char 0x32
    GGO_METRICS: 690248, box 1908x2888 at (136,2892), cell 2224,0
  char 0x4f
    GGO_METRICS: 1075728, box 2816x3056 at (152,2964), cell 3112,0
  char 0x26
    GGO_METRICS: 857920, box 2340x2928 at (208,2836), cell 2668,0
  char 0x40
    GGO_METRICS: 1621204, box 3668x3532 at (136,2964), cell 4060,0
  char 0x53
    GGO_METRICS: 877088, box 2292x3056 at (192,2964), cell 2668,0
