AddFontResourceEx: 1
height -40, quality default: face Nimbus Sans, tmHeight 55 ascent 43
  char 0x61
    GGO_METRICS: 88, box 19x23 at (2,22), cell 22,0
    GGO_METRICS unhinted: 88, box 19x23 at (2,22), cell 22,0
    GGO_METRICS rotated: 112, box 25x24 at (-6,26), cell 19,-11
    GGO_BITMAP: 92, box 19x23 at (2,22), cell 22,0
    GGO_GRAY2_BITMAP: 528, box 21x22 at (1,22), cell 22,0
    GGO_GRAY8_BITMAP: 528, box 21x22 at (1,22), cell 22,0
    GGO_NATIVE: 472 bytes, returned 472
      contour 348 bytes, start (21.45708,1.82199)
        Q2 (20.97714,1.72888) (20.73720,1.74750)
        Q2 (18.96748,1.78276) (18.93750,3.44620)
        L1 (18.93750,16.30460)
        Q2 (19.10922,21.94557) (11.18422,21.93750)
        Q2 (6.07797,21.89084) (4.01248,19.65990)
        Q2 (2.87224,18.25247) (2.82266,15.17740)
        L1 (5.79323,15.17740)
        Q2 (6.14619,19.12386) (11.05586,19.06248)
        Q2 (15.99794,18.99861) (16.06248,15.80362)
        L1 (16.06248,14.88516)
        Q3 (16.07401,13.78275) (14.47733,12.72079) (12.33943,12.46378)
        Q3 (8.70532,12.02020) (6.02586,11.50879) (5.15144,11.12784)
        Q2 (2.05867,9.52054) (2.06250,5.28311)
        Q2 (2.07056,-0.71939) (8.57430,-0.85977)
        Q2 (12.61276,-0.93890) (16.16640,2.02676)
        Q2 (16.40080,-0.93889) (19.17746,-0.85977)
        Q2 (20.01730,-0.88771) (21.45708,-0.52455)
      contour 124 bytes, start (16.06248,6.66080)
        Q2 (16.15839,5.08481) (14.64986,3.82193)
        Q2 (12.47847,1.87021) (9.34444,1.85977)
        Q2 (5.05516,1.95370) (4.93752,5.36661)
        Q2 (4.74496,8.68558) (10.32851,9.37442)
        Q3 (13.07344,9.72797) (15.27444,10.20026) (16.06248,10.58511)
    GGO_BEZIER: 600 bytes, returned 600
      contour 444 bytes, start (21.45708,1.82199)
        C3 (21.09714,1.74750) (20.93716,1.74750) (20.73720,1.74750)
        C3 (19.57739,1.74750) (18.93750,2.36075) (18.93750,3.44620)
        L1 (18.93750,16.30460)
        C3 (18.93750,20.07062) (16.58205,21.93750) (11.18422,21.93750)
        C3 (7.88972,21.93750) (5.27980,21.11609) (4.01248,19.65990)
        C3 (3.21927,18.60074) (2.88876,17.34830) (2.82266,15.17740)
        L1 (5.79323,15.17740)
        C3 (6.09273,17.84927) (7.71858,19.06248) (11.05586,19.06248)
        C3 (14.30757,19.06248) (16.06248,17.89102) (16.06248,15.80362)
        L1 (16.06248,14.88516)
        C3 (16.01900,13.38223) (15.24886,12.83951) (12.33943,12.46378)
        C3 (7.29073,11.83755) (6.52058,11.67056) (5.15144,11.12784)
        C3 (3.08707,10.04239) (2.06250,8.12198) (2.06250,5.28311)
        C3 (2.06250,1.37503) (4.24384,-0.85977) (8.57430,-0.85977)
        C3 (11.39815,-0.85977) (13.66579,-0.00310) (16.16640,2.02676)
        C3 (16.37422,-0.00310) (17.27480,-0.85977) (19.17746,-0.85977)
        C3 (19.89734,-0.85977) (20.33727,-0.78528) (21.45708,-0.52455)
      contour 156 bytes, start (16.06248,6.66080)
        C3 (16.06248,5.49185) (15.71950,4.78214) (14.64986,3.82193)
        C3 (13.19514,2.52774) (11.44093,1.85977) (9.34444,1.85977)
        C3 (6.56337,1.85977) (4.93752,3.15396) (4.93752,5.36661)
        C3 (4.93752,7.66275) (6.47780,8.83170) (10.32851,9.37442)
        C3 (14.13643,9.87540) (14.86378,10.04239) (16.06248,10.58511)
    GGO_NATIVE unhinted: 480 bytes, returned 480
      contour 356 bytes, start (21.39641,1.95967)
        Q2 (20.91647,1.85971) (20.67653,1.87968)
        Q2 (18.90681,1.91968) (18.87683,3.51941)
        L1 (18.87683,15.83734)
        Q2 (18.80684,21.48640) (10.99815,21.55638)
        Q2 (6.28893,21.50639) (4.03932,19.11679)
        Q2 (2.65955,17.68704) (2.59956,14.75752)
        L1 (5.95900,14.75752)
        Q2 (6.28894,18.53690) (10.87817,18.47690)
        Q2 (15.49739,18.41690) (15.55739,15.35742)
        L1 (15.55739,14.47757)
        Q3 (15.56863,13.42151) (14.07639,12.40417) (12.07797,12.15796)
        Q3 (8.68103,11.73303) (6.17645,11.24310) (5.35910,10.87817)
        Q2 (1.68971,9.33844) (1.67972,5.27911)
        Q3 (1.71222,2.39835) (5.34662,-0.88858) (8.55856,-0.91985)
        Q2 (12.32793,-0.99983) (15.67737,2.15964)
        Q2 (15.95732,-0.99982) (19.11679,-0.91985)
        Q2 (19.95663,-0.94984) (21.39641,-0.55991)
      contour 124 bytes, start (15.55739,6.59889)
        Q2 (15.64737,5.08916) (14.23761,3.87935)
        Q2 (12.20795,2.00967) (9.27844,1.99966)
        Q2 (5.26910,2.08965) (5.15913,5.35910)
        Q2 (4.97916,8.53857) (10.19829,9.19846)
        Q3 (12.76411,9.53716) (14.82126,9.98958) (15.55739,10.35826)
    GGO_BEZIER unhinted: 600 bytes, returned 600
      contour 444 bytes, start (21.39641,1.95967)
        C3 (21.03647,1.87968) (20.87650,1.87968) (20.67653,1.87968)
        C3 (19.51672,1.87968) (18.87683,2.47958) (18.87683,3.51941)
        L1 (18.87683,15.83734)
        C3 (18.87683,19.55672) (16.15729,21.55638) (10.99815,21.55638)
        C3 (7.91867,21.55638) (5.47908,20.67653) (4.03932,19.11679)
        C3 (3.07948,18.03697) (2.67955,16.83717) (2.59956,14.75752)
        L1 (5.95900,14.75752)
        C3 (6.23895,17.31709) (7.75870,18.47690) (10.87817,18.47690)
        C3 (13.91766,18.47690) (15.55739,17.35709) (15.55739,15.35742)
        L1 (15.55739,14.47757)
        C3 (15.51740,13.03781) (14.79752,12.51790) (12.07797,12.15796)
        C3 (7.35876,11.55806) (6.63889,11.39809) (5.35910,10.87817)
        C3 (2.91951,9.83835) (1.67972,7.99866) (1.67972,5.27911)
        C3 (1.67972,1.47975) (4.31927,-0.91985) (8.55856,-0.91985)
        C3 (11.19812,-0.91985) (13.31776,0.00000) (15.67737,2.15964)
        C3 (15.91733,0.00000) (16.95715,-0.91985) (19.11679,-0.91985)
        C3 (19.83667,-0.91985) (20.27660,-0.83986) (21.39641,-0.55991)
      contour 156 bytes, start (15.55739,6.59889)
        C3 (15.55739,5.47908) (15.23744,4.79919) (14.23761,3.87935)
        C3 (12.87784,2.63956) (11.23811,1.99966) (9.27844,1.99966)
        C3 (6.67888,1.99966) (5.15913,3.23946) (5.15913,5.35910)
        C3 (5.15913,7.55873) (6.59889,8.67854) (10.19829,9.19846)
        C3 (13.75769,9.67838) (14.43758,9.83835) (15.55739,10.35826)
  char 0x32
    GGO_METRICS: 104, box 19x29 at (2,29), cell 22,0
    GGO_METRICS unhinted: 104, box 19x29 at (2,29), cell 22,0
    GGO_METRICS rotated: 140, box 28x31 at (-10,32), cell 19,-11
    GGO_BITMAP: 116, box 19x29 at (2,29), cell 22,0
    GGO_GRAY2_BITMAP: 580, box 19x29 at (2,29), cell 22,0
    GGO_GRAY8_BITMAP: 580, box 19x29 at (2,29), cell 22,0
    GGO_NATIVE: 320 bytes, returned 320
      contour 320 bytes, start (20.65257,2.93752)
        L1 (5.62224,2.93752)
        Q3 (5.85219,4.75119) (8.17180,7.58737) (10.74138,9.18387)
        L1 (14.74071,11.50040)
        Q2 (20.80852,14.95450) (20.85968,20.51831)
        Q2 (20.79744,24.39662) (18.13200,26.84659)
        Q2 (15.62259,28.95619) (11.66122,28.93750)
        Q2 (6.21214,28.93623) (3.82254,25.35820)
        Q2 (2.37279,23.21750) (2.30280,18.90501)
        L1 (5.82220,18.90501)
        Q2 (5.97217,21.79036) (6.66206,23.12440)
        Q2 (8.20180,25.95856) (11.54124,26.06248)
        Q3 (13.99083,26.01331) (17.09029,22.90471) (17.14030,20.43558)
        Q2 (17.11031,16.77464) (13.30095,14.47879)
        L1 (9.62157,12.24500)
        Q3 (5.26978,9.72487) (1.81537,4.33556) (1.66290,0.06250)
        L1 (20.65257,0.06250)
    GGO_BEZIER: 384 bytes, returned 384
      contour 384 bytes, start (20.65257,2.93752)
        L1 (5.62224,2.93752)
        C3 (5.98218,5.41951) (7.26196,6.99144) (10.74138,9.18387)
        L1 (14.74071,11.50040)
        C3 (18.75182,13.77556) (20.85968,16.83669) (20.85968,20.51831)
        C3 (20.85968,23.00031) (19.86748,25.31683) (18.13200,26.84659)
        C3 (16.42043,28.26544) (14.34077,28.93750) (11.66122,28.93750)
        C3 (8.06183,28.93750) (5.38228,27.74271) (3.82254,25.35820)
        C3 (2.82271,23.78627) (2.38278,21.92477) (2.30280,18.90501)
        L1 (5.82220,18.90501)
        C3 (5.94218,20.93198) (6.18214,22.13161) (6.66206,23.12440)
        C3 (7.58191,24.94453) (9.42160,26.06248) (11.54124,26.06248)
        C3 (14.74071,26.06248) (17.14030,23.66217) (17.14030,20.43558)
        C3 (17.14030,18.03632) (15.82053,15.96799) (13.30095,14.47879)
        L1 (9.62157,12.24500)
        C3 (3.70256,8.72884) (1.98285,5.91591) (1.66290,0.06250)
        L1 (20.65257,0.06250)
    GGO_NATIVE unhinted: 320 bytes, returned 320
      contour 320 bytes, start (20.23660,3.47942)
        L1 (5.31911,3.47942)
        Q3 (5.54906,5.23289) (7.86867,7.97491) (10.43825,9.51840)
        L1 (14.43758,11.75803)
        Q2 (20.40656,15.09747) (20.43657,20.47656)
        Q2 (20.37657,24.20593) (17.79701,26.67552)
        Q2 (15.32742,28.93517) (11.35809,28.91515)
        Q2 (5.90901,28.89516) (3.51941,25.15578)
        Q2 (2.06966,23.08614) (1.99966,18.91682)
        L1 (5.51907,18.91682)
        Q2 (5.66904,21.70638) (6.35893,22.99614)
        Q2 (7.89867,25.73569) (11.23811,25.83566)
        Q3 (13.68770,25.78816) (16.78716,22.78368) (16.83717,20.39658)
        Q2 (16.80717,16.85718) (12.99782,14.63754)
        L1 (9.31844,12.47791)
        Q3 (4.96664,10.06206) (1.51224,4.64548) (1.35977,0.03999)
        L1 (20.23660,0.03999)
    GGO_BEZIER unhinted: 384 bytes, returned 384
      contour 384 bytes, start (20.23660,3.47942)
        L1 (5.31911,3.47942)
        C3 (5.67905,5.87901) (6.95883,7.39876) (10.43825,9.51840)
        L1 (14.43758,11.75803)
        C3 (18.39691,13.95766) (20.43657,16.91716) (20.43657,20.47656)
        C3 (20.43657,22.87616) (19.47673,25.11578) (17.79701,26.67552)
        C3 (16.11729,28.19527) (14.03764,28.91515) (11.35809,28.91515)
        C3 (7.75870,28.91515) (5.07915,27.63536) (3.51941,25.15578)
        C3 (2.51958,23.63603) (2.07965,21.83633) (1.99966,18.91682)
        L1 (5.51907,18.91682)
        C3 (5.63905,20.87650) (5.87901,22.03630) (6.35893,22.99614)
        C3 (7.27878,24.75584) (9.11847,25.83566) (11.23811,25.83566)
        C3 (14.43758,25.83566) (16.83717,23.51605) (16.83717,20.39658)
        C3 (16.83717,18.07697) (15.51740,16.07730) (12.99782,14.63754)
        L1 (9.31844,12.47791)
        C3 (3.39943,9.07848) (1.67972,6.35893) (1.35977,0.03999)
        L1 (20.23660,0.03999)
  char 0x4f
    GGO_METRICS: 140, box 29x31 at (1,30), cell 31,0
    GGO_METRICS unhinted: 140, box 29x31 at (1,30), cell 31,0
    GGO_METRICS rotated: 136, box 29x30 at (-8,35), cell 27,-16
    GGO_BITMAP: 124, box 29x31 at (1,30), cell 31,0
    GGO_GRAY2_BITMAP: 928, box 29x29 at (1,29), cell 31,0
    GGO_GRAY8_BITMAP: 928, box 29x29 at (1,29), cell 31,0
    GGO_NATIVE: 276 bytes, returned 276
      contour 148 bytes, start (15.45746,29.93750)
        Q3 (8.92871,29.86754) (1.23027,21.72830) (1.14030,14.49855)
        Q3 (1.22513,7.24152) (8.91331,-0.87164) (15.49854,-0.93750)
        Q2 (21.06442,-0.90244) (24.78186,1.76248)
        Q3 (27.19798,3.89412) (29.84213,10.45703) (29.85968,14.24733)
        Q3 (29.78365,21.68513) (22.12628,29.87932) (15.45746,29.93750)
      contour 128 bytes, start (15.45746,27.06248)
        Q3 (20.38428,26.99297) (26.08105,20.21010) (26.14030,14.33107)
        Q3 (26.06824,8.72049) (20.31494,2.02127) (15.49854,1.93752)
        Q3 (10.62839,2.01604) (4.92386,8.76759) (4.85968,14.49855)
        Q3 (4.92516,20.22971) (10.61684,26.98381) (15.45746,27.06248)
    GGO_BEZIER: 284 bytes, returned 284
      contour 156 bytes, start (15.45746,29.93750)
        C3 (6.87244,29.93750) (1.14030,24.04494) (1.14030,14.49855)
        C3 (1.14030,4.91029) (6.83136,-0.93750) (15.49854,-0.93750)
        C3 (19.15436,-0.93750) (22.35834,0.00925) (24.78186,1.76248)
        C3 (27.98000,4.53346) (29.85968,9.26479) (29.85968,14.24733)
        C3 (29.85968,24.08681) (24.24786,29.93750) (15.45746,29.93750)
      contour 128 bytes, start (15.45746,27.06248)
        C3 (21.94757,27.06248) (26.14030,22.07704) (26.14030,14.33107)
        C3 (26.14030,6.96193) (21.82434,1.93752) (15.49854,1.93752)
        C3 (9.09058,1.93752) (4.85968,6.96193) (4.85968,14.49855)
        C3 (4.85968,22.03517) (9.09058,27.06248) (15.45746,27.06248)
    GGO_NATIVE unhinted: 276 bytes, returned 276
      contour 148 bytes, start (15.55739,29.63503)
        Q3 (9.19470,29.53505) (1.61346,21.29643) (1.51974,14.35759)
        Q3 (1.60849,7.39252) (9.17972,-0.82359) (15.59738,-0.91985)
        Q2 (21.01646,-0.87985) (24.63586,2.15964)
        Q3 (27.02422,4.21928) (29.65627,10.49825) (29.67502,14.11763)
        Q3 (29.59503,21.25520) (22.05629,29.54631) (15.55739,29.63503)
      contour 128 bytes, start (15.55739,26.35558)
        Q3 (20.35406,26.28935) (25.89813,19.81294) (25.95564,14.19762)
        Q3 (25.88565,8.83853) (20.28659,2.43961) (15.59738,2.35960)
        Q3 (10.85568,2.43460) (5.30159,8.88351) (5.23912,14.35759)
        Q3 (5.30286,19.83170) (10.84442,26.28061) (15.55739,26.35558)
    GGO_BEZIER unhinted: 284 bytes, returned 284
      contour 156 bytes, start (15.55739,29.63503)
        C3 (7.19879,29.63503) (1.51974,23.47606) (1.51974,14.35759)
        C3 (1.51974,5.19913) (7.15880,-0.91985) (15.59738,-0.91985)
        C3 (19.15678,-0.91985) (22.27626,0.15997) (24.63586,2.15964)
        C3 (27.79533,4.83919) (29.67502,9.35843) (29.67502,14.11763)
        C3 (29.67502,23.51605) (24.11595,29.63503) (15.55739,29.63503)
      contour 128 bytes, start (15.55739,26.35558)
        C3 (21.87633,26.35558) (25.95564,21.59637) (25.95564,14.19762)
        C3 (25.95564,7.15880) (21.75635,2.35960) (15.59738,2.35960)
        C3 (9.35843,2.35960) (5.23912,7.15880) (5.23912,14.35759)
        C3 (5.23912,21.55638) (9.35843,26.35558) (15.55739,26.35558)
  char 0x26
    GGO_METRICS: 108, box 24x30 at (2,29), cell 27,0
    GGO_METRICS unhinted: 108, box 24x30 at (2,29), cell 27,0
    GGO_METRICS rotated: 132, box 29x29 at (-7,32), cell 23,-13
    GGO_BITMAP: 120, box 24x30 at (2,29), cell 27,0
    GGO_GRAY2_BITMAP: 696, box 24x29 at (2,29), cell 27,0
    GGO_GRAY8_BITMAP: 696, box 24x29 at (2,29), cell 27,0
    GGO_NATIVE: 524 bytes, returned 524
      contour 312 bytes, start (19.97733,13.48305)
        Q3 (20.00052,12.33340) (19.34872,9.67723) (18.75551,8.55861)
        L1 (13.29170,15.30385)
        Q3 (16.53758,17.07680) (18.99792,20.32788) (18.93750,22.50429)
        Q3 (18.91862,25.39508) (15.39536,28.85593) (12.11754,28.89977)
        Q3 (8.77255,28.84093) (5.08858,25.29012) (5.06250,22.50429)
        Q3 (5.03291,21.11284) (6.27551,18.14369) (7.90274,15.75905)
        Q3 (4.53609,13.60979) (1.99870,9.71474) (2.06250,6.94472)
        Q2 (2.23882,-0.72075) (9.77670,-0.93750)
        Q2 (12.83618,-0.92828) (15.05582,0.35278)
        Q3 (15.65321,0.70898) (16.99797,1.79198) (18.13530,2.88930)
        L3 (21.37709,0.06250) (25.73636,0.06250) (20.85718,6.26259)
        Q2 (23.12679,9.89056) (23.17679,13.70143)
      contour 120 bytes, start (11.22517,17.64442)
        Q3 (9.13956,19.68452) (7.87439,21.60014) (7.93752,22.60365)
        Q2 (8.12537,25.93729) (11.97664,26.10023)
        Q3 (13.77309,26.07097) (16.02725,24.16745) (16.06248,22.64430)
        Q3 (16.09479,21.33717) (13.86993,19.04303) (11.22517,17.64442)
      contour 92 bytes, start (16.21562,5.21696)
        Q2 (13.07614,1.80756) (10.17664,1.93752)
        Q3 (7.95950,1.99127) (4.99498,4.87328) (4.93752,7.05666)
        Q3 (4.90126,8.69388) (7.12340,11.51842) (9.81670,13.21562)
    GGO_BEZIER: 564 bytes, returned 564
      contour 336 bytes, start (19.97733,13.48305)
        C3 (20.01732,11.99330) (19.53740,10.00697) (18.75551,8.55861)
        L1 (13.29170,15.30385)
        C3 (17.70013,17.74538) (18.93750,19.52480) (18.93750,22.50429)
        C3 (18.93750,26.30020) (16.46280,28.89977) (12.11754,28.89977)
        C3 (7.69235,28.89977) (5.06250,26.14023) (5.06250,22.50429)
        C3 (5.06250,20.55934) (5.69366,19.02821) (7.90274,15.75905)
        C3 (3.32884,12.77956) (2.06250,10.75185) (2.06250,6.94472)
        C3 (2.06250,1.97890) (4.86899,-0.93750) (9.77670,-0.93750)
        C3 (11.77637,-0.93750) (13.61606,-0.49512) (15.05582,0.35278)
        C3 (15.89568,0.86890) (16.57556,1.38501) (18.13530,2.88930)
        L3 (21.37709,0.06250) (25.73636,0.06250) (20.85718,6.26259)
        C3 (22.33693,8.57961) (23.17679,11.26247) (23.17679,13.70143)
      contour 128 bytes, start (11.22517,17.64442)
        C3 (8.36021,20.48988) (7.93752,21.14027) (7.93752,22.60365)
        C3 (7.93752,24.71742) (9.53438,26.10023) (11.97664,26.10023)
        C3 (14.32497,26.10023) (16.06248,24.63612) (16.06248,22.64430)
        C3 (16.06248,20.85573) (14.79463,19.55495) (11.22517,17.64442)
      contour 100 bytes, start (16.21562,5.21696)
        C3 (13.97600,2.85736) (12.25629,1.93752) (10.17664,1.93752)
        C3 (7.29712,1.93752) (4.93752,4.21713) (4.93752,7.05666)
        C3 (4.93752,9.29628) (6.17731,10.89601) (9.81670,13.21562)
    GGO_NATIVE unhinted: 516 bytes, returned 516
      contour 312 bytes, start (19.71669,13.35776)
        Q2 (19.72667,10.94817) (18.47690,8.59856)
        L1 (13.15779,15.11746)
        Q3 (16.23227,16.83093) (18.72183,19.97290) (18.67686,22.07629)
        Q3 (18.62561,24.88333) (15.05873,28.30777) (12.15796,28.35524)
        Q3 (9.21095,28.29276) (5.38658,24.77835) (5.31911,22.07629)
        Q3 (5.28535,20.73151) (6.70262,17.86201) (8.55856,15.55739)
        Q3 (4.87291,13.48024) (2.01590,9.71587) (2.07965,7.03882)
        Q3 (2.13089,3.39192) (6.53764,-0.87233) (10.27827,-0.91985)
        Q2 (13.33774,-0.90985) (15.55739,0.47992)
        Q3 (16.15479,0.86986) (17.49956,2.00966) (18.63687,3.11948)
        L3 (21.11646,0.00000) (25.47572,0.00000) (20.59654,6.03899)
        Q2 (22.86613,9.60840) (22.91615,13.35776)
      contour 112 bytes, start (11.39809,17.23711)
        Q3 (9.62212,19.24428) (8.54480,21.12897) (8.59856,22.11629)
        Q2 (8.75851,25.39575) (12.03798,25.55571)
        Q2 (15.27742,25.32574) (15.51740,22.15628)
        Q3 (15.54489,20.87025) (13.65019,18.61314) (11.39809,17.23711)
      contour 92 bytes, start (16.71719,5.47908)
        Q2 (13.57771,2.06967) (10.67821,2.19963)
        Q3 (8.46107,2.25339) (5.49657,5.13539) (5.43909,7.31877)
        Q3 (5.40285,8.95599) (7.62498,11.78053) (10.31827,13.47774)
    GGO_BEZIER unhinted: 564 bytes, returned 564
      contour 336 bytes, start (19.71669,13.35776)
        C3 (19.75668,11.91800) (19.27676,9.99832) (18.47690,8.59856)
        L1 (13.15779,15.11746)
        C3 (17.31709,17.47707) (18.67686,19.19678) (18.67686,22.07629)
        C3 (18.67686,25.75568) (15.95732,28.35524) (12.15796,28.35524)
        C3 (8.31860,28.35524) (5.31911,25.59570) (5.31911,22.07629)
        C3 (5.31911,20.19661) (6.03899,18.71686) (8.55856,15.55739)
        C3 (3.55940,12.67787) (2.07965,10.71820) (2.07965,7.03882)
        C3 (2.07965,2.23962) (5.35910,-0.91985) (10.27827,-0.91985)
        C3 (12.27794,-0.91985) (14.11763,-0.43993) (15.55739,0.47992)
        C3 (16.39725,1.03983) (17.07713,1.59973) (18.63687,3.11948)
        L3 (21.11646,0.00000) (25.47572,0.00000) (20.59654,6.03899)
        C3 (22.07629,8.31860) (22.91615,10.95816) (22.91615,13.35776)
      contour 128 bytes, start (11.39809,17.23711)
        C3 (8.95850,20.03664) (8.59856,20.67653) (8.59856,22.11629)
        C3 (8.59856,24.19594) (9.95833,25.55571) (12.03798,25.55571)
        C3 (14.03764,25.55571) (15.51740,24.11595) (15.51740,22.15628)
        C3 (15.51740,20.39658) (14.43758,19.11679) (11.39809,17.23711)
      contour 100 bytes, start (16.71719,5.47908)
        C3 (14.47757,3.11948) (12.75786,2.19963) (10.67821,2.19963)
        C3 (7.79869,2.19963) (5.43909,4.47925) (5.43909,7.31877)
        C3 (5.43909,9.55840) (6.67888,11.15813) (10.31827,13.47774)
  char 0x40
    GGO_METRICS: 196, box 36x36 at (2,30), cell 41,0
    GGO_METRICS unhinted: 196, box 36x36 at (2,30), cell 41,0
    GGO_METRICS rotated: 204, box 33x37 at (-6,39), cell 35,-20
    GGO_BITMAP: 288, box 36x36 at (2,30), cell 41,0
    GGO_GRAY2_BITMAP: 1260, box 36x35 at (2,29), cell 41,0
    GGO_GRAY8_BITMAP: 1260, box 36x35 at (2,29), cell 41,0
    GGO_NATIVE: 668 bytes, returned 668
      contour 520 bytes, start (26.79112,19.96754)
        L1 (25.87636,17.22241)
        Q2 (24.27551,20.84497) (20.80357,20.85977)
        Q3 (16.48065,20.70120) (10.28439,14.13028) (10.14030,9.62079)
        Q3 (10.20038,6.42267) (13.93823,2.21770) (16.89503,2.14023)
        Q2 (20.06551,2.08150) (22.79942,5.17984)
        Q2 (23.37112,2.11021) (27.37325,2.10023)
        Q2 (31.99155,2.08017) (35.09554,5.65993)
        Q2 (37.87984,9.67079) (37.93750,14.58183)
        Q3 (37.78529,21.12360) (28.38823,29.77521) (20.96989,29.93750)
        Q3 (17.18857,29.92679) (10.06068,27.28957) (7.55739,24.79150)
        Q3 (4.93994,21.81567) (2.08105,14.13153) (2.06250,10.14088)
        Q3 (2.18163,3.27580) (11.60150,-5.76976) (19.47301,-5.93752)
        Q2 (24.20274,-5.90950) (28.87013,-4.36931)
        L1 (27.70589,-1.70850)
        Q3 (25.15518,-2.43178) (21.34799,-3.06909) (19.63933,-3.06250)
        Q3 (12.97482,-2.91612) (5.03555,4.86394) (4.93752,10.74101)
        Q3 (5.08449,17.31404) (13.71225,26.83569) (20.42935,27.06248)
        Q3 (26.58302,26.89545) (34.89635,19.39284) (35.06248,14.06172)
        Q3 (34.95743,10.44347) (30.83591,5.03731) (28.08011,4.89977)
        Q2 (26.19859,5.05981) (26.00110,6.66014)
        Q2 (26.00110,7.24028) (26.50006,8.66057)
        L1 (30.24228,19.96754)
      contour 148 bytes, start (20.55409,18.14023)
        Q3 (22.33813,18.10661) (24.51849,15.98573) (24.46263,14.30177)
        Q3 (24.36516,12.70020) (23.03200,8.67183) (22.21730,7.46031)
        Q2 (20.37737,4.92981) (17.97612,4.85977)
        Q3 (16.21803,4.90727) (13.90256,7.55286) (13.85968,9.58078)
        Q3 (13.95064,13.05637) (17.84357,18.02536) (20.55409,18.14023)
    GGO_BEZIER: 740 bytes, returned 740
      contour 584 bytes, start (26.79112,19.96754)
        L1 (25.87636,17.22241)
        C3 (24.83685,19.62758) (23.09048,20.85977) (20.80357,20.85977)
        C3 (15.23183,20.85977) (10.14030,15.42203) (10.14030,9.62079)
        C3 (10.14030,5.45990) (13.03276,2.14023) (16.89503,2.14023)
        C3 (19.09879,2.14023) (20.88673,3.07513) (22.79942,5.17984)
        C3 (23.17365,3.14006) (24.71211,2.10023) (27.37325,2.10023)
        C3 (30.49176,2.10023) (32.98657,3.26004) (35.09554,5.65993)
        C3 (36.91331,8.22047) (37.93750,11.42116) (37.93750,14.58183)
        C3 (37.93750,23.08775) (30.65808,29.93750) (20.96989,29.93750)
        C3 (16.02185,29.93750) (10.80144,28.10796) (7.55739,24.79150)
        C3 (4.09222,20.90346) (2.06250,15.38200) (2.06250,10.14088)
        C3 (2.06250,1.21107) (9.13649,-5.93752) (19.47301,-5.93752)
        C3 (22.54994,-5.93752) (25.83478,-5.37744) (28.87013,-4.36931)
        L1 (27.70589,-1.70850)
        C3 (24.25473,-2.68169) (21.96782,-3.06250) (19.63933,-3.06250)
        C3 (10.88408,-3.06250) (4.93752,3.10007) (4.93752,10.74101)
        C3 (4.93752,19.20262) (11.66917,27.06248) (20.42935,27.06248)
        C3 (28.41275,27.06248) (35.06248,20.94714) (35.06248,14.06172)
        C3 (35.06248,9.42073) (31.61443,4.89977) (28.08011,4.89977)
        C3 (26.95744,4.89977) (26.00110,5.69994) (26.00110,6.66014)
        C3 (26.00110,7.02022) (26.16742,7.74037) (26.50006,8.66057)
        L1 (30.24228,19.96754)
      contour 156 bytes, start (20.55409,18.14023)
        C3 (22.88258,18.14023) (24.58737,16.50224) (24.46263,14.30177)
        C3 (24.37947,12.30135) (23.25681,8.94063) (22.21730,7.46031)
        C3 (21.05305,5.81998) (19.51459,4.85977) (17.97612,4.85977)
        C3 (15.68921,4.85977) (13.85968,6.94022) (13.85968,9.58078)
        C3 (13.85968,14.06174) (17.06136,18.14023) (20.55409,18.14023)
    GGO_NATIVE unhinted: 668 bytes, returned 668
      contour 520 bytes, start (26.59554,20.03664)
        L1 (25.71568,17.39708)
        Q2 (24.17593,20.87651) (20.83650,20.87650)
        Q3 (16.67719,20.72777) (10.69818,14.29636) (10.55823,9.79836)
        Q3 (10.61697,6.61139) (14.22885,2.54707) (17.07713,2.47958)
        Q2 (20.12660,2.41959) (22.75618,5.35910)
        Q2 (23.30606,2.28963) (27.15544,2.27962)
        Q2 (31.59468,2.25963) (34.59419,5.83902)
        Q2 (37.96361,9.84834) (38.03362,14.75752)
        Q3 (37.84239,21.04147) (28.17651,29.47008) (20.99648,29.63503)
        Q3 (17.37080,29.61253) (10.37450,26.89798) (7.67871,24.47589)
        Q3 (4.71170,21.74634) (1.38725,14.30760) (1.35977,10.31827)
        Q3 (1.54849,3.49191) (11.77927,-5.51157) (19.55672,-5.67905)
        Q2 (24.10594,-5.64906) (28.59520,-3.99933)
        L1 (27.47539,-1.31978)
        Q3 (25.02203,-2.00340) (21.36015,-2.60579) (19.71669,-2.59956)
        Q3 (13.24400,-2.47083) (4.90291,5.06041) (4.75920,10.91817)
        Q3 (4.95041,17.40707) (13.95641,26.36559) (20.47656,26.55554)
        Q3 (26.39557,26.41557) (34.39423,19.41675) (34.55420,14.23761)
        Q3 (34.45297,10.62071) (30.48613,5.21664) (27.83533,5.07915)
        Q2 (26.02562,5.23914) (25.83566,6.83885)
        Q2 (25.83566,7.41876) (26.31558,8.83852)
        L1 (29.91498,20.03664)
      contour 148 bytes, start (20.59654,18.31693)
        Q3 (22.31250,18.28317) (24.40965,16.16104) (24.35591,14.47757)
        Q3 (24.26218,12.87660) (22.97987,8.84978) (22.19627,7.63872)
        Q2 (20.42656,5.10916) (18.11696,5.03915)
        Q3 (16.42596,5.08664) (14.19885,7.73122) (14.15762,9.75836)
        Q3 (14.24510,13.23277) (17.98947,18.20197) (20.59654,18.31693)
    GGO_BEZIER unhinted: 740 bytes, returned 740
      contour 584 bytes, start (26.59554,20.03664)
        L1 (25.71568,17.39708)
        C3 (24.71585,19.71669) (23.03613,20.87650) (20.83650,20.87650)
        C3 (15.47740,20.87650) (10.55823,15.59738) (10.55823,9.79836)
        C3 (10.55823,5.63905) (13.35776,2.47958) (17.07713,2.47958)
        C3 (19.19678,2.47958) (20.91649,3.35944) (22.75618,5.35910)
        C3 (23.11612,3.31944) (24.59587,2.27962) (27.15544,2.27962)
        C3 (30.15494,2.27962) (32.55453,3.43942) (34.59419,5.83902)
        C3 (36.79382,8.39859) (38.03362,11.59805) (38.03362,14.75752)
        C3 (38.03362,22.91615) (30.31491,29.63503) (20.99648,29.63503)
        C3 (16.23727,29.63503) (11.19812,27.67535) (7.67871,24.47589)
        C3 (3.75937,20.91649) (1.35977,15.55739) (1.35977,10.31827)
        C3 (1.35977,1.43976) (9.43842,-5.67905) (19.55672,-5.67905)
        C3 (22.51622,-5.67905) (25.67569,-5.07915) (28.59520,-3.99933)
        L1 (27.47539,-1.31978)
        C3 (24.15594,-2.23962) (21.95631,-2.59956) (19.71669,-2.59956)
        C3 (11.27811,-2.59956) (4.75920,3.27945) (4.75920,10.91817)
        C3 (4.75920,19.31676) (12.03798,26.55554) (20.47656,26.55554)
        C3 (28.15527,26.55554) (34.55420,20.95648) (34.55420,14.23761)
        C3 (34.55420,9.59839) (31.23476,5.07915) (27.83533,5.07915)
        C3 (26.75551,5.07915) (25.83566,5.87901) (25.83566,6.83885)
        C3 (25.83566,7.19879) (25.99564,7.91867) (26.31558,8.83852)
        L1 (29.91498,20.03664)
      contour 156 bytes, start (20.59654,18.31693)
        C3 (22.83617,18.31693) (24.47589,16.67720) (24.35591,14.47757)
        C3 (24.27592,12.47791) (23.19611,9.11847) (22.19627,7.63872)
        C3 (21.07646,5.99899) (19.59671,5.03915) (18.11696,5.03915)
        C3 (15.91733,5.03915) (14.15762,7.11880) (14.15762,9.75836)
        C3 (14.15762,14.23761) (17.23711,18.31693) (20.59654,18.31693)
  char 0x53
    GGO_METRICS: 112, box 23x31 at (2,30), cell 27,0
    GGO_METRICS unhinted: 112, box 23x31 at (2,30), cell 27,0
    GGO_METRICS rotated: 136, box 28x30 at (-9,34), cell 23,-13
    GGO_BITMAP: 124, box 23x31 at (2,30), cell 27,0
    GGO_GRAY2_BITMAP: 696, box 23x29 at (2,29), cell 27,0
    GGO_GRAY8_BITMAP: 696, box 23x29 at (2,29), cell 27,0
    GGO_NATIVE: 424 bytes, returned 424
      contour 424 bytes, start (23.85985,20.90504)
        Q3 (23.87233,22.39211) (23.56738,23.99352) (23.09998,24.98140)
        Q2 (20.63643,29.96034) (13.35419,29.93750)
        Q3 (8.60785,29.91891) (3.19179,25.54074) (3.14030,21.40419)
        Q2 (3.13118,15.87201) (8.81586,14.33296)
        L1 (15.89722,12.33638)
        Q2 (21.24762,10.91174) (21.14030,7.42812)
        Q2 (21.03244,4.79723) (19.10535,3.22697)
        Q2 (17.36435,1.92714) (13.86279,1.93752)
        Q2 (9.25600,1.89594) (7.29004,4.47484)
        Q2 (5.70227,6.39864) (5.77986,9.13353)
        L1 (2.26045,9.13353)
        Q2 (2.28044,5.15079) (3.98016,2.85262)
        Q2 (7.04681,-0.96457) (13.62805,-0.93750)
        Q2 (18.80896,-0.90244) (21.66022,1.02612)
        Q3 (23.14622,2.15694) (24.84341,5.79539) (24.85968,7.80247)
        Q2 (24.71635,13.57385) (18.71411,15.41444)
        L1 (11.55450,17.45262)
        Q2 (6.62494,18.70050) (6.85968,21.94493)
        Q3 (6.89880,24.28477) (10.32210,27.03122) (13.23682,27.06248)
        Q2 (20.17146,26.97865) (20.35730,20.90504)
    GGO_BEZIER: 528 bytes, returned 528
      contour 528 bytes, start (23.85985,20.90504)
        C3 (23.85985,22.98482) (23.73987,23.56715) (23.09998,24.98140)
        C3 (21.50024,28.31590) (18.16638,29.93750) (13.35419,29.93750)
        C3 (7.09442,29.93750) (3.14030,26.89479) (3.14030,21.40419)
        C3 (3.14030,17.70219) (5.01999,15.37285) (8.81586,14.33296)
        L1 (15.89722,12.33638)
        C3 (19.53571,11.33809) (21.14030,9.79906) (21.14030,7.42812)
        C3 (21.14030,5.80589) (20.31818,4.14207) (19.10535,3.22697)
        C3 (17.97076,2.35347) (16.17108,1.93752) (13.86279,1.93752)
        C3 (10.73291,1.93752) (8.65936,2.72783) (7.29004,4.47484)
        C3 (6.21979,5.80589) (5.73987,7.26173) (5.77986,9.13353)
        L1 (2.26045,9.13353)
        C3 (2.30045,6.34663) (2.82036,4.51643) (3.98016,2.85262)
        C3 (5.97983,0.28976) (9.28534,-0.93750) (13.62805,-0.93750)
        C3 (17.03180,-0.93750) (19.80957,-0.23621) (21.66022,1.02612)
        C3 (23.61989,2.47826) (24.85968,5.18196) (24.85968,7.80247)
        C3 (24.85968,11.54607) (22.62006,14.29137) (18.71411,15.41444)
        L1 (11.55450,17.45262)
        C3 (8.11163,18.45091) (6.85968,19.61559) (6.85968,21.94493)
        C3 (6.85968,25.02299) (9.40271,27.06248) (13.23682,27.06248)
        C3 (17.77515,27.06248) (20.31818,24.89821) (20.35730,20.90504)
    GGO_NATIVE unhinted: 424 bytes, returned 424
      contour 424 bytes, start (23.83600,20.59654)
        Q3 (23.84850,22.02631) (23.54353,23.56606) (23.07613,24.51588)
        Q2 (20.60654,29.59505) (13.15779,29.63503)
        Q3 (8.31110,29.59503) (2.84700,25.07581) (2.79953,21.07646)
        Q2 (2.77953,15.75737) (8.51857,14.27760)
        L1 (15.75735,12.35793)
        Q2 (21.22643,10.98816) (21.11646,7.63872)
        Q2 (21.00648,5.10915) (19.03680,3.59940)
        Q2 (17.25711,2.34962) (13.67770,2.35960)
        Q2 (8.96851,2.31961) (6.95883,4.79919)
        Q2 (5.35910,6.64888) (5.43909,9.27844)
        L1 (1.91968,9.27844)
        Q2 (1.93967,5.44910) (3.63939,3.23946)
        Q2 (6.70886,-0.90982) (13.43774,-0.91985)
        Q2 (18.73685,-0.87984) (21.63637,1.31978)
        Q3 (23.12238,2.52460) (24.81956,6.07397) (24.83583,7.99866)
        Q2 (24.70586,13.54773) (18.63687,15.31743)
        L1 (11.31810,17.27710)
        Q2 (6.27893,18.47690) (6.51891,21.59637)
        Q3 (6.55888,23.84599) (10.05832,26.48557) (13.03781,26.51555)
        Q2 (20.12663,26.43558) (20.31659,20.59654)
    GGO_BEZIER unhinted: 528 bytes, returned 528
      contour 528 bytes, start (23.83600,20.59654)
        C3 (23.83600,22.59621) (23.71602,23.15611) (23.07613,24.51588)
        C3 (21.47639,27.87532) (18.07697,29.63503) (13.15779,29.63503)
        C3 (6.75887,29.63503) (2.79953,26.35558) (2.79953,21.07646)
        C3 (2.79953,17.51706) (4.67921,15.27744) (8.51857,14.27760)
        L1 (15.75735,12.35793)
        C3 (19.47673,11.39809) (21.11646,9.91833) (21.11646,7.63872)
        C3 (21.11646,6.07898) (20.27660,4.47925) (19.03680,3.59940)
        C3 (17.87700,2.75954) (16.03731,2.35960) (13.67770,2.35960)
        C3 (10.47824,2.35960) (8.35860,3.11948) (6.95883,4.79919)
        C3 (5.87901,6.07898) (5.39909,7.47874) (5.43909,9.27844)
        L1 (1.91968,9.27844)
        C3 (1.95967,6.59889) (2.47958,4.83919) (3.63939,3.23946)
        C3 (5.63905,0.47992) (8.99849,-0.91985) (13.43774,-0.91985)
        C3 (16.91716,-0.91985) (19.75668,-0.11998) (21.63637,1.31978)
        C3 (23.59604,2.87952) (24.83583,5.47908) (24.83583,7.99866)
        C3 (24.83583,11.59805) (22.59621,14.23761) (18.63687,15.31743)
        L1 (11.31810,17.27710)
        C3 (7.79869,18.23694) (6.51891,19.35675) (6.51891,21.59637)
        C3 (6.51891,24.55588) (9.11847,26.51555) (13.03781,26.51555)
        C3 (17.67703,26.51555) (20.27660,24.43590) (20.31659,20.59654)
height -40, quality nonantialiased: face Nimbus Sans, tmHeight 55 ascent 43
  char 0x61
    GGO_METRICS: 88, box 19x23 at (2,22), cell 22,0
  char 0x32
    GGO_METRICS: 104, box 19x29 at (2,29), cell 22,0
  char 0x4f
    GGO_METRICS: 140, box 29x31 at (1,30), cell 31,0
  char 0x26
    GGO_METRICS: 108, box 24x30 at (2,29), cell 27,0
  char 0x40
    GGO_METRICS: 196, box 36x36 at (2,30), cell 41,0
  char 0x53
    GGO_METRICS: 112, box 23x31 at (2,30), cell 27,0
height -40, quality antialiased: face Nimbus Sans, tmHeight 55 ascent 43
  char 0x61
    GGO_METRICS: 88, box 19x23 at (2,22), cell 22,0
  char 0x32
    GGO_METRICS: 104, box 19x29 at (2,29), cell 22,0
  char 0x4f
    GGO_METRICS: 140, box 29x31 at (1,30), cell 31,0
  char 0x26
    GGO_METRICS: 108, box 24x30 at (2,29), cell 27,0
  char 0x40
    GGO_METRICS: 196, box 36x36 at (2,30), cell 41,0
  char 0x53
    GGO_METRICS: 112, box 23x31 at (2,30), cell 27,0
height -40, quality cleartype: face Nimbus Sans, tmHeight 55 ascent 43
  char 0x61
    GGO_METRICS: 88, box 19x23 at (2,22), cell 22,0
  char 0x32
    GGO_METRICS: 104, box 19x29 at (2,29), cell 22,0
  char 0x4f
    GGO_METRICS: 140, box 29x31 at (1,30), cell 31,0
  char 0x26
    GGO_METRICS: 108, box 24x30 at (2,29), cell 27,0
  char 0x40
    GGO_METRICS: 196, box 36x36 at (2,30), cell 41,0
  char 0x53
    GGO_METRICS: 112, box 23x31 at (2,30), cell 27,0
