AddFontResourceEx: 1
height -300, quality default: face Nimbus Sans, tmHeight 412 ascent 322
  char 0x61
    GGO_METRICS: 3192, box 148x167 at (13,161), cell 167,0
    GGO_METRICS unhinted: 3192, box 148x167 at (13,161), cell 167,0
    GGO_METRICS rotated: 4264, box 187x177 at (-46,194), cell 144,-83
    GGO_BITMAP: 3340, box 148x167 at (13,161), cell 167,0
    GGO_GRAY2_BITMAP: 25688, box 149x169 at (12,162), cell 167,0
    GGO_GRAY8_BITMAP: 25688, box 149x169 at (12,162), cell 167,0
    GGO_NATIVE: 584 bytes, returned 584
      contour 436 bytes, start (160.83763,15.63745)
        Q3 (158.86885,15.20671) (156.50633,15.01942) (155.43758,15.03815)
        Q3 (148.88437,15.07584) (141.96555,21.38354) (141.93744,27.20135)
        L1 (141.93744,118.49786)
        Q3 (141.87469,139.25336) (111.93292,160.87111) (82.80699,160.93742)
        Q3 (65.36731,160.89099) (38.74554,151.55145) (30.60962,142.81560)
        Q3 (25.31201,136.98088) (20.29324,121.87851) (19.90289,110.49460)
        L1 (44.94701,110.49460)
        Q3 (46.43999,124.66711) (64.41222,138.11797) (81.90556,138.06242)
        Q3 (99.08911,138.00679) (117.00603,126.11215) (117.06244,114.94086)
        L1 (117.06244,108.41968)
        Q3 (117.14610,100.59241) (105.93420,93.05229) (90.91985,91.22748)
        Q3 (65.39816,88.07803) (46.58083,84.44693) (40.43987,81.74213)
        Q2 (13.13287,70.33006) (13.06248,40.24371)
        Q3 (13.29596,18.84978) (40.40460,-5.69511) (64.47795,-5.93750)
        Q3 (79.17314,-6.01202) (104.84468,5.07120) (117.96153,17.12317)
        Q3 (119.23518,5.07120) (131.67325,-6.01201) (143.73746,-5.93750)
        Q3 (147.56248,-5.96559) (154.76257,-4.78571) (160.83763,-3.24063)
      contour 148 bytes, start (117.06244,50.02548)
        Q3 (117.14688,43.95819) (112.69504,34.82483) (107.14555,29.86911)
        Q2 (91.89638,16.01161) (69.88652,15.93750)
        Q3 (55.13501,16.02087) (39.04076,28.97061) (38.93748,40.83655)
        Q3 (38.76846,52.95261) (56.68434,66.51370) (76.79747,69.29260)
        Q3 (96.07483,71.80287) (111.53094,75.15611) (117.06244,77.88870)
    GGO_BEZIER: 600 bytes, returned 600
      contour 444 bytes, start (160.83763,15.63745)
        C3 (158.13760,15.03815) (156.93759,15.03815) (155.43758,15.03815)
        C3 (146.73749,15.03815) (141.93744,19.49451) (141.93744,27.20135)
        L1 (141.93744,118.49786)
        C3 (141.93744,146.08340) (121.55791,160.93742) (82.80699,160.93742)
        C3 (59.67033,160.93742) (41.34129,154.40146) (30.60962,142.81560)
        C3 (23.47180,134.80081) (20.49771,125.90829) (19.90289,110.49460)
        L1 (44.94701,110.49460)
        C3 (47.05034,129.46530) (58.46843,138.06242) (81.90556,138.06242)
        C3 (104.74174,138.06242) (117.06244,129.76172) (117.06244,114.94086)
        L1 (117.06244,108.41968)
        C3 (116.76079,97.74866) (111.35222,93.89523) (90.91985,91.22748)
        C3 (55.46367,86.78122) (50.05510,85.59555) (40.43987,81.74213)
        C3 (22.28217,74.03528) (13.06248,60.40009) (13.06248,40.24371)
        C3 (13.06248,12.04163) (32.69148,-5.93750) (64.47795,-5.93750)
        C3 (84.30937,-5.93750) (100.23460,0.95450) (117.96153,17.12317)
        C3 (119.75972,0.95450) (127.55186,-5.93750) (143.73746,-5.93750)
        C3 (149.13751,-5.93750) (152.43755,-5.33820) (160.83763,-3.24063)
      contour 156 bytes, start (117.06244,50.02548)
        C3 (117.06244,41.72580) (114.65746,36.68671) (107.14555,29.86911)
        C3 (96.92937,20.68018) (84.60985,15.93750) (69.88652,15.93750)
        C3 (50.35558,15.93750) (38.93748,25.12643) (38.93748,40.83655)
        C3 (38.93748,57.13950) (49.75462,65.43918) (76.79747,69.29260)
        C3 (103.53984,72.84961) (108.64793,74.03528) (117.06244,77.88870)
    GGO_NATIVE unhinted: 584 bytes, returned 584
      contour 436 bytes, start (160.50163,14.70015)
        Q3 (158.53285,14.26891) (156.17033,14.08141) (155.10158,14.10014)
        Q3 (148.54837,14.13765) (141.62955,20.51273) (141.60144,26.40027)
        L1 (141.60144,118.80121)
        Q3 (141.53581,139.79205) (111.59175,161.63605) (82.50084,161.70164)
        Q3 (65.09128,161.65477) (38.48476,152.22342) (30.30031,143.40146)
        Q3 (24.95650,137.50453) (19.89395,122.22313) (19.50020,110.70113)
        L1 (44.70045,110.70113)
        Q3 (46.19109,125.04503) (64.13503,138.65767) (81.60083,138.60141)
        Q3 (98.75725,138.54515) (116.64491,126.50752) (116.70119,115.20117)
        L1 (116.70119,108.60110)
        Q3 (116.78555,100.67915) (105.59171,93.04784) (90.60092,91.20093)
        Q3 (65.11940,88.01340) (46.33171,84.33835) (40.20041,81.60083)
        Q2 (12.67513,70.05072) (12.60013,39.60040)
        Q3 (12.84389,17.99081) (40.10667,-6.66568) (64.20065,-6.90007)
        Q3 (78.87267,-6.97505) (104.50418,4.12505) (117.60120,16.20016)
        Q3 (118.87621,4.12505) (131.32632,-6.97507) (143.40146,-6.90007)
        Q3 (147.22649,-6.92819) (154.42657,-5.74693) (160.50163,-4.20004)
      contour 148 bytes, start (116.70119,49.50050)
        Q3 (116.78555,43.35982) (112.34177,34.11598) (106.80109,29.10030)
        Q2 (91.57593,15.07516) (69.60071,15.00015)
        Q3 (54.87244,15.08452) (38.80351,28.19092) (38.70039,40.20041)
        Q3 (38.53165,52.46304) (56.41933,66.18819) (76.50078,69.00070)
        Q3 (95.74785,71.54135) (111.17926,74.93515) (116.70119,77.70079)
    GGO_BEZIER unhinted: 600 bytes, returned 600
      contour 444 bytes, start (160.50163,14.70015)
        C3 (157.80161,14.10014) (156.60159,14.10014) (155.10158,14.10014)
        C3 (146.40149,14.10014) (141.60144,18.60019) (141.60144,26.40027)
        L1 (141.60144,118.80121)
        C3 (141.60144,146.70149) (121.20123,161.70164) (82.50084,161.70164)
        C3 (59.40060,161.70164) (41.10042,155.10158) (30.30031,143.40146)
        C3 (23.10023,135.30138) (20.10020,126.30128) (19.50020,110.70113)
        L1 (44.70045,110.70113)
        C3 (46.80048,129.90132) (58.20059,138.60141) (81.60083,138.60141)
        C3 (104.40106,138.60141) (116.70119,130.20132) (116.70119,115.20117)
        L1 (116.70119,108.60110)
        C3 (116.40118,97.80099) (111.00113,93.90096) (90.60092,91.20093)
        C3 (55.20056,86.70088) (49.80051,85.50087) (40.20041,81.60083)
        C3 (21.90022,73.80075) (12.60013,60.00061) (12.60013,39.60040)
        C3 (12.60013,11.10011) (32.40033,-6.90007) (64.20065,-6.90007)
        C3 (84.00085,-6.90007) (99.90102,0.00000) (117.60120,16.20016)
        C3 (119.40121,0.00000) (127.20129,-6.90007) (143.40146,-6.90007)
        C3 (148.80151,-6.90007) (152.10155,-6.30006) (160.50163,-4.20004)
      contour 156 bytes, start (116.70119,49.50050)
        C3 (116.70119,41.10042) (114.30116,36.00037) (106.80109,29.10030)
        C3 (96.60098,19.80020) (84.30086,15.00015) (69.60071,15.00015)
        C3 (50.10051,15.00015) (38.70039,24.30025) (38.70039,40.20041)
        C3 (38.70039,56.70058) (49.50050,65.10066) (76.50078,69.00070)
        C3 (103.20105,72.60074) (108.30110,73.80075) (116.70119,77.70079)
  char 0x32
    GGO_METRICS: 3924, box 142x217 at (11,217), cell 167,0
    GGO_METRICS unhinted: 3924, box 142x217 at (11,217), cell 167,0
    GGO_METRICS rotated: 6152, box 203x236 at (-72,241), cell 144,-83
    GGO_BITMAP: 4340, box 142x217 at (11,217), cell 167,0
    GGO_GRAY2_BITMAP: 31248, box 144x217 at (10,217), cell 167,0
    GGO_GRAY8_BITMAP: 31248, box 144x217 at (10,217), cell 167,0
    GGO_NATIVE: 384 bytes, returned 384
      contour 384 bytes, start (151.50044,25.90013)
        L1 (40.66154,25.90013)
        Q3 (42.38655,39.08952) (59.78673,59.71498) (79.06194,71.32501)
        L1 (109.06224,88.17133)
        Q3 (130.97540,100.61804) (152.93393,133.63382) (152.93742,153.75162)
        Q3 (152.88354,167.41351) (143.07288,191.43622) (133.96257,200.30093)
        Q3 (124.77490,208.74899) (100.99965,216.95596) (85.96201,216.93739)
        Q3 (65.66492,216.92079) (35.98337,202.82672) (27.16141,188.94838)
        Q3 (21.58322,180.57224) (16.16441,158.29224) (15.76129,142.01936)
        L1 (42.16156,142.01936)
        Q3 (42.80843,152.93376) (45.78972,167.42986) (48.46162,172.70372)
        Q3 (53.78668,182.72504) (72.98686,193.96840) (85.06200,194.06239)
        Q3 (103.43718,193.70517) (126.68739,171.10556) (127.06242,153.14996)
        Q3 (127.03430,140.00758) (112.46539,118.00961) (98.26213,109.83087)
        L1 (70.66185,93.58621)
        Q3 (38.01775,75.41217) (12.10500,34.69106) (10.96124,0.09987)
        L1 (151.50044,0.09987)
    GGO_BEZIER: 384 bytes, returned 384
      contour 384 bytes, start (151.50044,25.90013)
        L1 (40.66154,25.90013)
        C3 (43.36157,43.94975) (52.96167,55.38118) (79.06194,71.32501)
        L1 (109.06224,88.17133)
        C3 (138.27516,104.71681) (152.93742,126.97801) (152.93742,153.75162)
        C3 (152.93742,171.80124) (146.03783,188.64755) (133.96257,200.30093)
        C3 (121.66237,211.58972) (106.06221,216.93739) (85.96201,216.93739)
        C3 (58.96173,216.93739) (38.86153,207.43069) (27.16141,188.94838)
        C3 (19.66133,177.51695) (16.36130,163.97974) (15.76129,142.01936)
        L1 (42.16156,142.01936)
        C3 (43.06157,156.75989) (44.86159,165.48387) (48.46162,172.70372)
        C3 (55.36169,185.94011) (69.16183,194.06239) (85.06200,194.06239)
        C3 (109.06224,194.06239) (127.06242,176.61447) (127.06242,153.14996)
        C3 (127.06242,135.70200) (117.16232,120.66064) (98.26213,109.83087)
        L1 (70.66185,93.58621)
        C3 (26.26140,68.01591) (13.36127,47.55968) (10.96124,0.09987)
        L1 (151.50044,0.09987)
    GGO_NATIVE unhinted: 384 bytes, returned 384
      contour 384 bytes, start (151.80154,26.10027)
        L1 (39.90041,26.10027)
        Q3 (41.62541,39.25354) (59.02559,59.82249) (78.30080,71.40073)
        L1 (108.30110,88.20090)
        Q3 (130.60443,100.61354) (153.27342,133.53886) (153.30156,153.60156)
        Q3 (153.24530,167.22357) (143.00769,191.20508) (133.50136,200.10204)
        Q3 (124.09813,208.63338) (100.22914,216.92097) (85.20087,216.90221)
        Q3 (64.90378,216.88345) (35.22223,202.67082) (26.40027,188.70192)
        Q3 (20.82208,180.34872) (15.40327,158.12975) (15.00015,141.90144)
        L1 (41.40042,141.90144)
        Q3 (42.04729,152.78593) (45.02858,167.24234) (47.70049,172.50175)
        Q3 (53.02554,182.49562) (72.22572,193.70824) (84.30086,193.80197)
        Q3 (102.67604,193.44571) (125.92625,170.90799) (126.30128,153.00156)
        Q3 (126.27316,139.89519) (111.70425,117.95746) (97.50099,109.80112)
        L1 (69.90071,93.60095)
        Q3 (37.25661,75.47890) (11.34386,34.84723) (10.20010,0.30000)
        L1 (151.80154,0.30000)
    GGO_BEZIER unhinted: 384 bytes, returned 384
      contour 384 bytes, start (151.80154,26.10027)
        L1 (39.90041,26.10027)
        C3 (42.60043,44.10045) (52.20053,55.50056) (78.30080,71.40073)
        L1 (108.30110,88.20090)
        C3 (138.00140,104.70107) (153.30156,126.90129) (153.30156,153.60156)
        C3 (153.30156,171.60175) (146.10149,188.40192) (133.50136,200.10204)
        C3 (120.90123,211.50215) (105.30107,216.90221) (85.20087,216.90221)
        C3 (58.20059,216.90221) (38.10039,207.30211) (26.40027,188.70192)
        C3 (18.90019,177.30180) (15.60016,163.80167) (15.00015,141.90144)
        L1 (41.40042,141.90144)
        C3 (42.30043,156.60159) (44.10045,165.30168) (47.70049,172.50175)
        C3 (54.60056,185.70189) (68.40070,193.80197) (84.30086,193.80197)
        C3 (108.30110,193.80197) (126.30128,176.40179) (126.30128,153.00156)
        C3 (126.30128,135.60138) (116.40118,120.60123) (97.50099,109.80112)
        L1 (69.90071,93.60095)
        C3 (25.50026,68.10069) (12.60013,47.70049) (10.20010,0.30000)
        L1 (151.80154,0.30000)
  char 0x4f
    GGO_METRICS: 6200, box 212x229 at (11,223), cell 233,0
    GGO_METRICS unhinted: 6200, box 212x229 at (11,223), cell 233,0
    GGO_METRICS rotated: 6428, box 220x229 at (-63,266), cell 202,-117
    GGO_BITMAP: 6412, box 212x229 at (11,223), cell 233,0
    GGO_GRAY2_BITMAP: 48760, box 212x230 at (11,223), cell 233,0
    GGO_GRAY8_BITMAP: 48760, box 212x230 at (11,223), cell 233,0
    GGO_NATIVE: 284 bytes, returned 284
      contour 156 bytes, start (116.70045,222.93739)
        Q3 (68.75822,222.23782) (11.75916,160.82249) (11.06248,108.50146)
        Q3 (11.72148,55.98215) (68.64522,-5.26604) (117.00186,-5.93750)
        Q3 (137.19612,-5.90111) (171.70720,5.52666) (185.11981,16.48128)
        Q3 (203.05627,31.98988) (222.79846,79.36841) (222.93739,106.69019)
        Q3 (222.34454,160.51117) (165.66908,222.32275) (116.70045,222.93739)
      contour 128 bytes, start (116.70045,199.06239)
        Q3 (152.85019,198.56261) (194.62935,149.67958) (195.06239,107.29395)
        Q3 (194.53516,66.84204) (152.34157,18.54126) (117.00186,17.93750)
        Q3 (81.26631,18.50352) (39.40842,67.18166) (38.93748,108.50146)
        Q3 (39.41785,149.82109) (81.18152,198.49658) (116.70045,199.06239)
    GGO_BEZIER: 284 bytes, returned 284
      contour 156 bytes, start (116.70045,222.93739)
        C3 (53.70642,222.93739) (11.06248,177.33008) (11.06248,108.50146)
        C3 (11.06248,39.37097) (53.40501,-5.93750) (117.00186,-5.93750)
        C3 (143.82707,-5.93750) (167.33681,1.92363) (185.11981,16.48128)
        C3 (208.84990,36.65405) (222.93739,70.76648) (222.93739,106.69019)
        C3 (222.93739,177.63196) (181.20152,222.93739) (116.70045,222.93739)
      contour 128 bytes, start (116.70045,199.06239)
        C3 (164.32274,199.06239) (195.06239,163.14172) (195.06239,107.29395)
        C3 (195.06239,54.16309) (163.41852,17.93750) (117.00186,17.93750)
        C3 (69.98239,17.93750) (38.93748,54.16309) (38.93748,108.50146)
        C3 (38.93748,162.83984) (69.98239,199.06239) (116.70045,199.06239)
    GGO_NATIVE unhinted: 284 bytes, returned 284
      contour 156 bytes, start (116.70119,222.30226)
        Q3 (68.97256,221.55226) (12.10324,159.75163) (11.40012,107.70110)
        Q3 (12.06575,55.45370) (68.86009,-6.17818) (117.00119,-6.90007)
        Q3 (137.10139,-6.86256) (171.45174,4.91255) (184.80188,16.20016)
        Q3 (202.71770,31.65031) (222.46162,78.75081) (222.60226,105.90108)
        Q3 (222.00226,159.44226) (165.45168,221.63666) (116.70119,222.30226)
      contour 128 bytes, start (116.70119,197.70201)
        Q3 (152.68279,197.20514) (194.27071,148.62341) (194.70198,106.50108)
        Q3 (194.17697,66.30069) (152.17654,18.30020) (117.00119,17.70018)
        Q3 (81.43208,18.26270) (39.76913,66.63818) (39.30040,107.70110)
        Q3 (39.77852,148.76404) (81.34770,197.13953) (116.70119,197.70201)
    GGO_BEZIER unhinted: 284 bytes, returned 284
      contour 156 bytes, start (116.70119,222.30226)
        C3 (54.00055,222.30226) (11.40012,176.10179) (11.40012,107.70110)
        C3 (11.40012,39.00040) (53.70055,-6.90007) (117.00119,-6.90007)
        C3 (143.70146,-6.90007) (167.10170,1.20001) (184.80188,16.20016)
        C3 (208.50212,36.30037) (222.60226,70.20071) (222.60226,105.90108)
        C3 (222.60226,176.40179) (180.90184,222.30226) (116.70119,222.30226)
      contour 128 bytes, start (116.70119,197.70201)
        C3 (164.10167,197.70201) (194.70198,162.00165) (194.70198,106.50108)
        C3 (194.70198,53.70055) (163.20166,17.70018) (117.00119,17.70018)
        C3 (70.20071,17.70018) (39.30040,53.70055) (39.30040,107.70110)
        C3 (39.30040,161.70164) (70.20071,197.70201) (116.70119,197.70201)
  char 0x26
    GGO_METRICS: 4836, box 175x219 at (16,213), cell 200,0
    GGO_METRICS unhinted: 4836, box 175x219 at (16,213), cell 200,0
    GGO_METRICS rotated: 6008, box 219x214 at (-54,237), cell 173,-100
    GGO_BITMAP: 5256, box 175x219 at (16,213), cell 200,0
    GGO_GRAY2_BITMAP: 39600, box 177x220 at (15,213), cell 200,0
    GGO_GRAY8_BITMAP: 39600, box 177x220 at (15,213), cell 200,0
    GGO_NATIVE: 564 bytes, returned 564
      contour 336 bytes, start (147.65013,101.08110)
        Q3 (147.82826,92.70256) (142.89696,73.34425) (138.35004,65.19189)
        L1 (98.68381,114.35106)
        Q3 (121.57823,127.27231) (140.18024,150.96599) (139.85005,166.82771)
        Q3 (139.45523,187.85776) (112.80302,212.64816) (91.28329,212.93739)
        Q3 (69.39932,212.54166) (40.59482,187.11241) (40.06247,166.82771)
        Q3 (39.80652,156.68675) (50.55682,135.04768) (64.63463,117.66855)
        Q3 (36.91374,102.00471) (15.57178,73.61758) (16.06248,53.42989)
        Q3 (16.42723,25.96922) (49.20340,-5.61992) (77.23785,-5.93750)
        Q3 (88.54420,-5.92834) (108.68193,-0.74104) (116.83826,4.32709)
        Q3 (121.31955,7.18054) (131.40714,15.59851) (139.93849,23.87407)
        L3 (158.15024,0.06250) (190.85057,0.06250) (154.25020,45.53973)
        Q3 (162.62215,58.60507) (171.60349,87.11642) (171.65038,100.86194)
      contour 128 bytes, start (85.65891,130.18573)
        Q3 (72.51375,145.35777) (64.53967,159.60400) (64.93747,167.06720)
        Q3 (65.08548,179.00813) (78.70242,192.91147) (90.39523,193.06239)
        Q3 (101.71808,192.84532) (115.92773,178.69637) (116.14981,167.36951)
        Q3 (116.35329,157.64844) (102.32860,140.58698) (85.65891,130.18573)
      contour 100 bytes, start (125.53835,41.53775)
        Q3 (113.14447,28.38451) (91.73175,16.81563) (80.23788,16.93750)
        Q3 (63.60646,17.34062) (41.36871,38.95959) (40.93748,55.33789)
        Q3 (40.66560,67.61926) (57.33452,88.80699) (77.53786,101.53836)
    GGO_BEZIER: 564 bytes, returned 564
      contour 336 bytes, start (147.65013,101.08110)
        C3 (147.95013,90.22386) (144.35010,75.74754) (138.35004,65.19189)
        L1 (98.68381,114.35106)
        C3 (129.64995,132.14487) (139.85005,145.11324) (139.85005,166.82771)
        C3 (139.85005,194.48207) (119.44984,212.93739) (91.28329,212.93739)
        C3 (62.81447,212.93739) (40.06247,193.34633) (40.06247,166.82771)
        C3 (40.06247,152.65298) (45.52295,141.49416) (64.63463,117.66855)
        C3 (27.01920,95.95407) (16.06248,81.17616) (16.06248,53.42989)
        C3 (16.06248,17.23909) (40.34492,-5.93750) (77.23785,-5.93750)
        C3 (92.23801,-5.93750) (106.03815,-2.41821) (116.83826,4.32709)
        C3 (123.13832,8.43292) (128.23837,12.53876) (139.93849,23.87407)
        L3 (158.15024,0.06250) (190.85057,0.06250) (154.25020,45.53973)
        C3 (165.35031,62.77124) (171.65038,82.72351) (171.65038,100.86194)
      contour 128 bytes, start (85.65891,130.18573)
        C3 (67.60165,151.34723) (64.93747,156.18414) (64.93747,167.06720)
        C3 (64.93747,182.78717) (75.00217,193.06239) (90.39523,193.06239)
        C3 (105.19626,193.06239) (116.14981,182.18256) (116.14981,167.36951)
        C3 (116.14981,154.06799) (108.15646,144.39417) (85.65891,130.18573)
      contour 100 bytes, start (125.53835,41.53775)
        C3 (108.73817,23.83757) (95.83804,16.93750) (80.23788,16.93750)
        C3 (58.63766,16.93750) (40.93748,34.03767) (40.93748,55.33789)
        C3 (40.93748,72.13806) (50.23758,84.13818) (77.53786,101.53836)
    GGO_NATIVE unhinted: 564 bytes, returned 564
      contour 336 bytes, start (147.90150,100.20102)
        Q3 (148.07964,91.86656) (143.14833,72.61012) (138.60141,64.50066)
        L1 (98.70100,113.40115)
        Q3 (121.76373,126.25441) (140.43890,149.82341) (140.10143,165.60168)
        Q3 (139.71704,186.65816) (112.96053,212.34593) (91.20093,212.70216)
        Q3 (69.09445,212.23341) (40.40665,185.87065) (39.90041,165.60168)
        Q3 (39.64728,155.51407) (50.27863,133.98888) (64.20065,116.70119)
        Q3 (36.55348,101.11978) (15.12201,72.88199) (15.60016,52.80054)
        Q3 (15.98454,25.44400) (49.04111,-6.54379) (77.10078,-6.90007)
        Q3 (88.40712,-6.89069) (108.54485,-1.58438) (116.70119,3.60004)
        Q3 (121.18248,6.52507) (131.27008,15.07515) (139.80142,23.40024)
        L3 (158.40161,0.00000) (191.10194,0.00000) (154.50157,45.30046)
        Q3 (162.87352,58.26622) (171.85486,86.56026) (171.90175,100.20102)
      contour 128 bytes, start (85.50087,129.30132)
        Q3 (72.17885,144.35773) (64.09750,158.49538) (64.50066,165.90169)
        Q3 (64.65065,177.75182) (78.45079,191.55197) (90.30092,191.70195)
        Q3 (101.77602,191.48633) (116.17618,177.44244) (116.40118,166.20169)
        Q3 (116.60744,156.55473) (102.39478,139.62331) (85.50087,129.30132)
      contour 100 bytes, start (125.40128,41.10042)
        Q3 (113.00740,27.94717) (91.59467,16.37830) (80.10081,16.50017)
        Q3 (63.46939,16.90331) (41.23166,38.52228) (40.80042,54.90056)
        Q3 (40.52855,67.18193) (57.19746,88.36966) (77.40079,101.10103)
    GGO_BEZIER unhinted: 564 bytes, returned 564
      contour 336 bytes, start (147.90150,100.20102)
        C3 (148.20151,89.40091) (144.60147,75.00076) (138.60141,64.50066)
        L1 (98.70100,113.40115)
        C3 (129.90132,131.10133) (140.10143,144.00146) (140.10143,165.60168)
        C3 (140.10143,193.20197) (119.70122,212.70216) (91.20093,212.70216)
        C3 (62.40063,212.70216) (39.90041,192.00195) (39.90041,165.60168)
        C3 (39.90041,151.50154) (45.30046,140.40143) (64.20065,116.70119)
        C3 (26.70027,95.10097) (15.60016,80.40082) (15.60016,52.80054)
        C3 (15.60016,16.80017) (40.20041,-6.90007) (77.10078,-6.90007)
        C3 (92.10094,-6.90007) (105.90108,-3.30003) (116.70119,3.60004)
        C3 (123.00125,7.80008) (128.10130,12.00012) (139.80142,23.40024)
        L3 (158.40161,0.00000) (191.10194,0.00000) (154.50157,45.30046)
        C3 (165.60168,62.40063) (171.90175,82.20084) (171.90175,100.20102)
      contour 128 bytes, start (85.50087,129.30132)
        C3 (67.20068,150.30153) (64.50066,155.10158) (64.50066,165.90169)
        C3 (64.50066,181.50185) (74.70076,191.70195) (90.30092,191.70195)
        C3 (105.30107,191.70195) (116.40118,180.90184) (116.40118,166.20169)
        C3 (116.40118,153.00156) (108.30110,143.40146) (85.50087,129.30132)
      contour 100 bytes, start (125.40128,41.10042)
        C3 (108.60110,23.40024) (95.70097,16.50017) (80.10081,16.50017)
        C3 (58.50060,16.50017) (40.80042,33.60034) (40.80042,54.90056)
        C3 (40.80042,71.70073) (50.10051,83.70085) (77.40079,101.10103)
  char 0x40
    GGO_METRICS: 9328, box 275x266 at (10,223), cell 305,0
    GGO_METRICS unhinted: 9328, box 275x266 at (10,223), cell 305,0
    GGO_METRICS rotated: 8784, box 254x274 at (-49,290), cell 264,-152
    GGO_BITMAP: 9576, box 275x266 at (10,223), cell 305,0
    GGO_GRAY2_BITMAP: 73416, box 276x266 at (10,223), cell 305,0
    GGO_GRAY8_BITMAP: 73416, box 276x266 at (10,223), cell 305,0
    GGO_NATIVE: 732 bytes, returned 732
      contour 576 bytes, start (199.31433,150.74406)
        L1 (192.70889,131.12878)
        Q3 (187.04172,144.06602) (168.50146,156.94215) (156.07874,156.93742)
        Q3 (124.92471,155.84274) (81.04160,107.71928) (80.06245,73.82669)
        Q3 (80.45567,49.82040) (106.71156,19.54477) (127.85550,19.06248)
        Q3 (139.66833,19.00552) (160.25404,29.30760) (170.49060,40.35020)
        Q2 (174.61899,18.02731) (203.51779,18.06248)
        Q3 (220.35051,18.03375) (247.93448,30.67242) (259.35977,43.68480)
        Q3 (271.69298,58.36504) (284.87227,93.05690) (284.93736,111.14012)
        Q3 (283.51727,158.34627) (211.16798,221.69562) (157.27972,222.93739)
        Q3 (130.13768,222.78104) (78.25571,202.50920) (57.65530,184.27003)
        Q3 (34.97099,163.57814) (10.22133,107.70361) (10.06248,77.56371)
        Q3 (11.54526,26.67810) (88.64610,-41.59961) (146.47083,-42.93748)
        Q3 (163.23775,-42.90962) (197.78494,-36.50397) (214.32669,-30.46040)
        L1 (205.91977,-10.06248)
        Q3 (187.50146,-15.40427) (160.01009,-20.11130) (147.67181,-20.06248)
        Q3 (99.65343,-19.01541) (36.13014,38.34886) (34.93748,82.10106)
        Q3 (36.46402,131.03687) (104.84273,198.62744) (153.37651,200.06239)
        Q3 (197.81302,198.97809) (257.86142,146.04486) (259.06236,107.20775)
        Q3 (258.30243,79.85130) (228.52266,38.97731) (208.62199,37.93748)
        Q3 (202.36371,38.08875) (193.78789,45.65100) (193.60963,51.24706)
        Q3 (193.60963,53.32669) (195.41110,61.11581) (197.21260,66.37157)
        L1 (224.23485,150.74406)
      contour 156 bytes, start (154.27725,138.06242)
        Q3 (167.15973,137.80716) (182.90395,121.75571) (182.50049,109.02269)
        Q3 (181.79678,96.91364) (172.17009,66.45667) (166.28714,57.29686)
        Q3 (159.89749,48.13235) (144.07823,38.01109) (135.66193,37.93748)
        Q3 (122.96709,38.29564) (106.24707,58.23828) (105.93745,73.52510)
        Q3 (106.59424,99.72554) (134.70490,137.19556) (154.27725,138.06242)
    GGO_BEZIER: 740 bytes, returned 740
      contour 584 bytes, start (199.31433,150.74406)
        L1 (192.70889,131.12878)
        C3 (185.20271,148.38469) (172.59233,156.93742) (156.07874,156.93742)
        C3 (115.84561,156.93742) (80.06245,117.55724) (80.06245,73.82669)
        C3 (80.06245,42.46133) (100.18788,19.06248) (127.85550,19.06248)
        C3 (143.76860,19.06248) (156.67923,25.55077) (170.49060,40.35020)
        C3 (173.19283,25.44481) (184.30197,18.06248) (203.51779,18.06248)
        C3 (226.03633,18.06248) (244.05116,26.29662) (259.35977,43.68480)
        C3 (275.71727,63.04417) (284.93736,87.24339) (284.93736,111.14012)
        C3 (284.93736,172.42590) (227.23732,222.93739) (157.27972,222.93739)
        C3 (121.55031,222.93739) (84.66255,208.38045) (57.65530,184.27003)
        C3 (27.62138,157.24112) (10.06248,117.18993) (10.06248,77.56371)
        C3 (10.06248,11.50002) (71.34824,-42.93748) (146.47083,-42.93748)
        C3 (168.68912,-42.93748) (192.40865,-38.48138) (214.32669,-30.46040)
        L1 (205.91977,-10.06248)
        C3 (180.99925,-17.24998) (164.48566,-20.06248) (147.67181,-20.06248)
        C3 (85.23756,-20.06248) (34.93748,25.16087) (34.93748,82.10106)
        C3 (34.93748,145.43547) (90.70018,200.06239) (153.37651,200.06239)
        C3 (211.02397,200.06239) (259.06236,157.54482) (259.06236,107.20775)
        C3 (259.06236,72.11888) (234.14301,37.93748) (208.62199,37.93748)
        C3 (200.51532,37.93748) (193.60963,43.98729) (193.60963,51.24706)
        C3 (193.60963,53.96947) (194.81062,59.41429) (197.21260,66.37157)
        L1 (224.23485,150.74406)
      contour 156 bytes, start (154.27725,138.06242)
        C3 (171.09109,138.06242) (183.40123,125.65965) (182.50049,109.02269)
        C3 (181.89999,93.89818) (173.79332,68.48900) (166.28714,57.29686)
        C3 (157.88022,45.17564) (146.77107,37.93748) (135.66193,37.93748)
        C3 (119.14833,37.93748) (105.93745,53.62016) (105.93745,73.52510)
        C3 (105.93745,107.30318) (129.05649,138.06242) (154.27725,138.06242)
    GGO_NATIVE unhinted: 732 bytes, returned 732
      contour 576 bytes, start (199.50203,150.30153)
        L1 (192.90196,130.50133)
        Q3 (187.23940,143.55147) (168.71422,156.60161) (156.30159,156.60159)
        Q3 (125.10126,155.48595) (80.25079,107.24173) (79.20081,73.50075)
        Q3 (79.64143,49.59425) (106.73546,19.10645) (128.10130,18.60019)
        Q3 (139.90454,18.54395) (160.47350,29.00656) (170.70174,40.20041)
        Q2 (174.82675,17.17519) (203.70207,17.10017)
        Q3 (220.52098,17.08144) (248.08376,30.31906) (259.50264,43.80045)
        Q3 (271.94339,58.35997) (285.23726,92.76659) (285.30290,110.70113)
        Q3 (283.86852,157.83911) (211.36151,221.06477) (157.50160,222.30226)
        Q3 (130.30443,222.13351) (77.82265,201.77080) (57.60059,183.60187)
        Q3 (35.34410,163.12665) (10.40634,107.32610) (10.20010,77.40079)
        Q3 (11.61575,26.19402) (88.36026,-41.34416) (146.70149,-42.60043)
        Q3 (163.45477,-42.57231) (197.97386,-36.10349) (214.50218,-30.00031)
        L1 (206.10210,-9.90010)
        Q3 (187.69878,-15.02826) (160.22974,-19.54706) (147.90150,-19.50020)
        Q3 (99.34787,-18.53456) (36.77847,37.95978) (35.70036,81.90083)
        Q3 (37.13475,130.57632) (104.69168,197.77702) (153.60156,199.20203)
        Q3 (198.00201,198.15202) (258.00262,145.65149) (259.20264,106.80109)
        Q3 (258.44325,79.66956) (228.68671,39.13167) (208.80212,38.10039)
        Q3 (202.54892,38.25040) (193.98009,45.75047) (193.80197,51.30052)
        Q3 (193.80197,53.36305) (195.60197,61.08812) (197.40201,66.30067)
        L1 (224.40228,150.30153)
      contour 156 bytes, start (154.50157,137.40140)
        Q3 (167.37358,137.14827) (183.10498,121.22935) (182.70186,108.60110)
        Q3 (181.99872,96.59161) (172.37987,66.38507) (166.50169,57.30058)
        Q3 (160.11725,48.00987) (144.31084,37.86603) (135.90138,37.80038)
        Q3 (123.21686,38.15663) (106.51044,57.99435) (106.20108,73.20074)
        Q3 (106.85733,99.26350) (134.94511,136.53891) (154.50157,137.40140)
    GGO_BEZIER unhinted: 740 bytes, returned 740
      contour 584 bytes, start (199.50203,150.30153)
        L1 (192.90196,130.50133)
        C3 (185.40189,147.90150) (172.80176,156.60159) (156.30159,156.60159)
        C3 (116.10118,156.60159) (79.20081,117.00119) (79.20081,73.50075)
        C3 (79.20081,42.30043) (100.20102,18.60019) (128.10130,18.60019)
        C3 (144.00146,18.60019) (156.90160,25.20026) (170.70174,40.20041)
        C3 (173.40176,24.90025) (184.50188,17.10017) (203.70207,17.10017)
        C3 (226.20230,17.10017) (244.20248,25.80026) (259.50264,43.80045)
        C3 (276.00281,63.00064) (285.30290,87.00089) (285.30290,110.70113)
        C3 (285.30290,171.90175) (227.40231,222.30226) (157.50160,222.30226)
        C3 (121.80124,222.30226) (84.00085,207.60211) (57.60059,183.60187)
        C3 (28.20029,156.90160) (10.20010,116.70119) (10.20010,77.40079)
        C3 (10.20010,10.80011) (70.80072,-42.60043) (146.70149,-42.60043)
        C3 (168.90172,-42.60043) (192.60196,-38.10039) (214.50218,-30.00031)
        L1 (206.10210,-9.90010)
        C3 (181.20184,-16.80017) (164.70168,-19.50020) (147.90150,-19.50020)
        C3 (84.60086,-19.50020) (35.70036,24.60025) (35.70036,81.90083)
        C3 (35.70036,144.90147) (90.30092,199.20203) (153.60156,199.20203)
        C3 (211.20215,199.20203) (259.20264,157.20160) (259.20264,106.80109)
        C3 (259.20264,72.00073) (234.30238,38.10039) (208.80212,38.10039)
        C3 (200.70204,38.10039) (193.80197,44.10045) (193.80197,51.30052)
        C3 (193.80197,54.00055) (195.00198,59.40060) (197.40201,66.30067)
        L1 (224.40228,150.30153)
      contour 156 bytes, start (154.50157,137.40140)
        C3 (171.30174,137.40140) (183.60187,125.10127) (182.70186,108.60110)
        C3 (182.10185,93.60095) (174.00177,68.40070) (166.50169,57.30058)
        C3 (158.10161,45.00046) (147.00150,37.80038) (135.90138,37.80038)
        C3 (119.40121,37.80038) (106.20108,53.40054) (106.20108,73.20074)
        C3 (106.20108,106.80109) (129.30132,137.40140) (154.50157,137.40140)
  char 0x53
    GGO_METRICS: 5056, box 172x229 at (14,223), cell 200,0
    GGO_METRICS unhinted: 5056, box 172x229 at (14,223), cell 200,0
    GGO_METRICS rotated: 6172, box 210x228 at (-70,257), cell 173,-100
    GGO_BITMAP: 5496, box 172x229 at (14,223), cell 200,0
    GGO_GRAY2_BITMAP: 40480, box 173x230 at (14,223), cell 200,0
    GGO_GRAY8_BITMAP: 40480, box 173x230 at (14,223), cell 200,0
    GGO_NATIVE: 520 bytes, returned 520
      contour 520 bytes, start (178.44394,155.43469)
        Q3 (178.53760,166.21436) (176.25215,177.82323) (172.74910,184.98453)
        Q3 (163.69220,203.79510) (126.21034,222.91371) (98.56575,222.93739)
        Q3 (62.33043,222.67604) (21.42194,189.16576) (21.06248,159.05304)
        Q2 (20.92209,118.94969) (63.88576,107.79312)
        L1 (117.99850,93.31973)
        Q3 (138.74875,87.95818) (158.16501,70.56372) (158.06241,57.73932)
        Q3 (157.95947,48.74057) (149.56754,32.43918) (142.51367,27.28490)
        Q3 (135.97380,22.54524) (115.71890,17.92809) (102.45230,17.93750)
        Q3 (84.59846,17.89981) (59.98987,26.87032) (52.22610,36.33076)
        Q3 (46.18118,43.50151) (40.60127,59.99139) (40.84456,70.10201)
        L1 (14.46242,70.10201)
        Q3 (14.65009,55.12921) (20.87337,33.43799) (27.35678,24.57114)
        Q3 (38.66187,9.33047) (75.70436,-5.93553) (100.65851,-5.93750)
        Q3 (120.24036,-5.90111) (151.33665,2.46956) (161.95888,10.36707)
        Q3 (173.09567,19.25705) (185.81563,45.93361) (185.93741,60.45308)
        Q3 (185.81424,80.94763) (161.86845,109.38556) (139.52402,115.63287)
        L1 (84.81334,130.40779)
        Q3 (65.30585,135.60918) (48.71324,150.53487) (48.93748,162.97292)
        Q3 (49.23645,179.93402) (75.39594,199.83618) (97.66885,200.06239)
        Q3 (123.80029,199.98692) (151.73488,177.22025) (152.08057,155.43469)
    GGO_BEZIER: 528 bytes, returned 528
      contour 528 bytes, start (178.44394,155.43469)
        C3 (178.44394,170.51114) (177.54475,174.73254) (172.74910,184.98453)
        C3 (160.75996,210.03371) (135.33850,222.93739) (98.56575,222.93739)
        C3 (50.73128,222.93739) (21.06248,198.85486) (21.06248,159.05304)
        C3 (21.06248,132.21696) (35.14972,115.33134) (63.88576,107.79312)
        L1 (117.99850,93.31973)
        C3 (145.80229,86.08304) (158.06241,74.92647) (158.06241,57.73932)
        C3 (158.06241,45.97969) (151.78160,33.91853) (142.51367,27.28490)
        C3 (133.84367,20.95279) (120.09126,17.93750) (102.45230,17.93750)
        C3 (78.53506,17.93750) (62.68990,23.66655) (52.22610,36.33076)
        C3 (44.14157,45.97969) (40.54483,56.53320) (40.84456,70.10201)
        L1 (14.46242,70.10201)
        C3 (14.76242,49.89957) (18.66246,36.63229) (27.35678,24.57114)
        C3 (42.34320,4.25285) (67.47334,-5.93750) (100.65851,-5.93750)
        C3 (126.66850,-5.93750) (147.89505,-0.11444) (161.95888,10.36707)
        C3 (176.64557,21.85738) (185.93741,41.45676) (185.93741,60.45308)
        C3 (185.93741,87.59068) (169.15236,107.49159) (139.52402,115.63287)
        L1 (84.81334,130.40779)
        C3 (58.50438,137.64449) (48.93748,146.08730) (48.93748,162.97292)
        C3 (48.93748,185.28606) (68.37024,200.06239) (97.66885,200.06239)
        C3 (132.34885,200.06239) (151.78160,184.38147) (152.08057,155.43469)
    GGO_NATIVE unhinted: 520 bytes, returned 520
      contour 520 bytes, start (178.80182,154.50157)
        Q3 (178.89557,165.22668) (176.60803,176.77681) (173.10176,183.90187)
        Q3 (164.03603,202.83958) (126.44189,222.26479) (98.70100,222.30226)
        Q3 (62.34438,222.00226) (21.35645,188.10193) (21.00021,158.10161)
        Q2 (20.85020,118.20122) (63.90065,107.10109)
        L1 (118.20120,92.70094)
        Q3 (139.02328,87.36652) (158.50473,70.06009) (158.40161,57.30058)
        Q3 (158.29848,48.34737) (149.87965,32.12846) (142.80145,27.00027)
        Q3 (136.23888,22.28461) (115.91367,17.69081) (102.60104,17.70018)
        Q3 (84.68524,17.66269) (59.99123,26.58778) (52.20053,36.00037)
        Q3 (46.14421,43.13481) (40.55666,59.54124) (40.80042,69.60071)
        L1 (14.40015,69.60071)
        Q3 (14.58765,54.70369) (20.81270,33.12224) (27.30028,24.30025)
        Q3 (38.61600,8.76573) (75.76015,-6.89067) (100.80103,-6.90007)
        Q3 (120.45123,-6.86256) (151.65154,1.76253) (162.30165,9.90010)
        Q3 (173.44864,18.93771) (186.18001,45.56296) (186.30190,60.00061)
        Q3 (186.18002,80.39145) (162.19852,108.68550) (139.80142,114.90117)
        L1 (84.90086,129.60132)
        Q3 (65.32567,134.77637) (48.67548,149.62653) (48.90050,162.00165)
        Q3 (49.20049,178.87682) (75.45078,198.67703) (97.80099,198.90202)
        Q3 (124.02313,198.82703) (152.05467,176.17682) (152.40155,154.50157)
    GGO_BEZIER unhinted: 528 bytes, returned 528
      contour 528 bytes, start (178.80182,154.50157)
        C3 (178.80182,169.50172) (177.90181,173.70177) (173.10176,183.90187)
        C3 (161.10164,209.10213) (135.60138,222.30226) (98.70100,222.30226)
        C3 (50.70052,222.30226) (21.00021,197.70201) (21.00021,158.10161)
        C3 (21.00021,131.40134) (35.10036,114.60117) (63.90065,107.10109)
        L1 (118.20120,92.70094)
        C3 (146.10149,85.50087) (158.40161,74.40076) (158.40161,57.30058)
        C3 (158.40161,45.60046) (152.10155,33.60034) (142.80145,27.00027)
        C3 (134.10136,20.70021) (120.30122,17.70018) (102.60104,17.70018)
        C3 (78.60080,17.70018) (62.70064,23.40024) (52.20053,36.00037)
        C3 (44.10045,45.60046) (40.50041,56.10057) (40.80042,69.60071)
        L1 (14.40015,69.60071)
        C3 (14.70015,49.50050) (18.60019,36.30037) (27.30028,24.30025)
        C3 (42.30043,3.60004) (67.50069,-6.90007) (100.80103,-6.90007)
        C3 (126.90129,-6.90007) (148.20151,-0.90001) (162.30165,9.90010)
        C3 (177.00180,21.60022) (186.30190,41.10042) (186.30190,60.00061)
        C3 (186.30190,87.00089) (169.50172,106.80109) (139.80142,114.90117)
        L1 (84.90086,129.60132)
        C3 (58.50060,136.80139) (48.90050,145.20148) (48.90050,162.00165)
        C3 (48.90050,184.20187) (68.40070,198.90202) (97.80099,198.90202)
        C3 (132.60135,198.90202) (152.10155,183.30186) (152.40155,154.50157)
height -300, quality nonantialiased: face Nimbus Sans, tmHeight 412 ascent 322
  char 0x61
    GGO_METRICS: 3192, box 148x167 at (13,161), cell 167,0
  char 0x32
    GGO_METRICS: 3924, box 142x217 at (11,217), cell 167,0
  char 0x4f
    GGO_METRICS: 6200, box 212x229 at (11,223), cell 233,0
  char 0x26
    GGO_METRICS: 4836, box 175x219 at (16,213), cell 200,0
  char 0x40
    GGO_METRICS: 9328, box 275x266 at (10,223), cell 305,0
  char 0x53
    GGO_METRICS: 5056, box 172x229 at (14,223), cell 200,0
height -300, quality antialiased: face Nimbus Sans, tmHeight 412 ascent 322
  char 0x61
    GGO_METRICS: 3192, box 148x167 at (13,161), cell 167,0
  char 0x32
    GGO_METRICS: 3924, box 142x217 at (11,217), cell 167,0
  char 0x4f
    GGO_METRICS: 6200, box 212x229 at (11,223), cell 233,0
  char 0x26
    GGO_METRICS: 4836, box 175x219 at (16,213), cell 200,0
  char 0x40
    GGO_METRICS: 9328, box 275x266 at (10,223), cell 305,0
  char 0x53
    GGO_METRICS: 5056, box 172x229 at (14,223), cell 200,0
height -300, quality cleartype: face Nimbus Sans, tmHeight 412 ascent 322
  char 0x61
    GGO_METRICS: 3192, box 148x167 at (13,161), cell 167,0
  char 0x32
    GGO_METRICS: 3924, box 142x217 at (11,217), cell 167,0
  char 0x4f
    GGO_METRICS: 6200, box 212x229 at (11,223), cell 233,0
  char 0x26
    GGO_METRICS: 4836, box 175x219 at (16,213), cell 200,0
  char 0x40
    GGO_METRICS: 9328, box 275x266 at (10,223), cell 305,0
  char 0x53
    GGO_METRICS: 5056, box 172x229 at (14,223), cell 200,0
