AddFontResourceEx: 1
height -16, quality default: face Nimbus Sans, tmHeight 22 ascent 17
  char 0x61
    GGO_METRICS: 28, box 7x9 at (1,9), cell 9,0
    GGO_METRICS unhinted: 28, box 7x9 at (1,9), cell 9,0
    GGO_METRICS rotated: 36, box 10x9 at (-2,10), cell 8,-4
    GGO_BITMAP: 36, box 7x9 at (1,9), cell 9,0
    GGO_GRAY2_BITMAP: 72, box 7x9 at (1,9), cell 9,0
    GGO_GRAY8_BITMAP: 72, box 7x9 at (1,9), cell 9,0
    GGO_NATIVE: 464 bytes, returned 464
      contour 340 bytes, start (7.94591,0.92603)
        Q2 (7.75381,0.89604) (7.65779,0.90204)
        Q2 (6.94949,0.91112) (6.93750,1.59445)
        L1 (6.93750,6.91922)
        Q2 (7.07063,9.01601) (4.25439,8.93750)
        Q2 (2.34515,8.92345) (1.65578,8.24437)
        Q2 (1.30885,7.74194) (1.29378,6.45244)
        L1 (2.25488,6.45244)
        Q2 (2.38580,8.08731) (4.20679,8.06248)
        Q2 (6.03917,8.03543) (6.06248,6.71176)
        L1 (6.06248,6.33142)
        Q2 (6.17082,5.47997) (4.68286,5.32870)
        Q3 (3.33498,5.14502) (2.34117,4.93323) (2.01685,4.77548)
        Q2 (1.05769,4.10989) (1.06250,2.35513)
        Q2 (1.00429,0.02905) (3.28638,0.06250)
        Q2 (4.78629,0.03334) (6.09412,1.00665)
        Q2 (6.15976,0.03336) (7.03354,0.06250)
        Q2 (7.36966,0.05350) (7.94591,0.17044)
      contour 124 bytes, start (6.06248,2.92564)
        Q2 (6.09868,2.27303) (5.53979,1.75005)
        Q2 (4.73444,0.94183) (3.57202,0.93750)
        Q2 (1.98114,0.97639) (1.93750,2.38971)
        Q2 (1.86609,3.76413) (3.93701,4.04938)
        Q3 (4.95515,4.19579) (5.77110,4.39137) (6.06248,4.55074)
    GGO_BEZIER: 600 bytes, returned 600
      contour 444 bytes, start (7.94591,0.92603)
        C3 (7.80185,0.90204) (7.73782,0.90204) (7.65779,0.90204)
        C3 (7.19360,0.90204) (6.93750,1.14496) (6.93750,1.59445)
        L1 (6.93750,6.91922)
        C3 (6.93750,8.36942) (6.22064,8.93750) (4.25439,8.93750)
        C3 (3.03247,8.93750) (2.06445,8.68771) (1.65578,8.24437)
        C3 (1.41444,7.87007) (1.31389,7.35143) (1.29378,6.45244)
        L1 (2.25488,6.45244)
        C3 (2.36597,7.55888) (2.96899,8.06248) (4.20679,8.06248)
        C3 (5.41284,8.06248) (6.06248,7.57617) (6.06248,6.71176)
        L1 (6.06248,6.33142)
        C3 (6.04761,5.70905) (5.76196,5.48430) (4.68286,5.32870)
        C3 (2.81030,5.06938) (2.52466,5.00023) (2.01685,4.77548)
        C3 (1.37422,4.32599) (1.06250,3.53073) (1.06250,2.35513)
        C3 (1.06250,0.78210) (1.72617,0.06250) (3.28638,0.06250)
        C3 (4.33374,0.06250) (5.17480,0.33835) (6.09412,1.00665)
        C3 (6.15738,0.33835) (6.43152,0.06250) (7.03354,0.06250)
        C3 (7.32166,0.06250) (7.49773,0.08649) (7.94591,0.17044)
      contour 156 bytes, start (6.06248,2.92564)
        C3 (6.06248,2.44157) (5.93652,2.14767) (5.53979,1.75005)
        C3 (5.00024,1.21411) (4.34961,0.93750) (3.57202,0.93750)
        C3 (2.54053,0.93750) (1.93750,1.47343) (1.93750,2.38971)
        C3 (1.93750,3.34056) (2.50879,3.82463) (3.93701,4.04938)
        C3 (5.34937,4.25684) (5.61914,4.32599) (6.06248,4.55074)
    GGO_NATIVE unhinted: 464 bytes, returned 464
      contour 340 bytes, start (8.56346,0.78432)
        Q2 (8.37137,0.74432) (8.27534,0.75230)
        Q2 (7.56705,0.76831) (7.55505,1.40857)
        L1 (7.55505,6.33856)
        Q2 (7.52704,8.59949) (4.40178,8.62749)
        Q2 (2.51700,8.60748) (1.61665,7.65109)
        Q2 (1.06442,7.07887) (1.04042,5.90639)
        L1 (2.38496,5.90639)
        Q2 (2.51701,7.41901) (4.35376,7.39499)
        Q2 (6.20250,7.37097) (6.22652,6.14648)
        L1 (6.22652,5.79434)
        Q2 (6.33455,5.00601) (4.83395,4.86597)
        Q3 (3.47440,4.69591) (2.47200,4.49983) (2.14487,4.35376)
        Q2 (0.67627,3.73752) (0.67227,2.11285)
        Q2 (0.77632,-0.26810) (3.42538,-0.36815)
        Q2 (4.93399,-0.40016) (6.27454,0.86435)
        Q2 (6.38658,-0.40015) (7.65109,-0.36815)
        Q2 (7.98721,-0.38016) (8.56346,-0.22409)
      contour 124 bytes, start (6.22652,2.64107)
        Q2 (6.26253,2.03683) (5.69830,1.55263)
        Q2 (4.88597,0.80434) (3.71350,0.80032)
        Q2 (2.10884,0.83633) (2.06483,2.14487)
        Q2 (1.99280,3.41739) (4.08165,3.68149)
        Q3 (5.10855,3.81705) (5.93190,3.99814) (6.22652,4.14568)
    GGO_BEZIER unhinted: 600 bytes, returned 600
      contour 444 bytes, start (8.56346,0.78432)
        C3 (8.41940,0.75230) (8.35538,0.75230) (8.27534,0.75230)
        C3 (7.81116,0.75230) (7.55505,0.99240) (7.55505,1.40857)
        L1 (7.55505,6.33856)
        C3 (7.55505,7.82716) (6.46661,8.62749) (4.40178,8.62749)
        C3 (3.16928,8.62749) (2.19289,8.27534) (1.61665,7.65109)
        C3 (1.23250,7.21892) (1.07243,6.73872) (1.04042,5.90639)
        L1 (2.38496,5.90639)
        C3 (2.49701,6.93080) (3.10526,7.39499) (4.35376,7.39499)
        C3 (5.57025,7.39499) (6.22652,6.94681) (6.22652,6.14648)
        L1 (6.22652,5.79434)
        C3 (6.21051,5.21811) (5.92239,5.01003) (4.83395,4.86597)
        C3 (2.94519,4.62587) (2.65707,4.56184) (2.14487,4.35376)
        C3 (1.16847,3.93759) (0.67227,3.20129) (0.67227,2.11285)
        C3 (0.67227,0.59224) (1.72870,-0.36815) (3.42538,-0.36815)
        C3 (4.48181,-0.36815) (5.33015,0.00000) (6.27454,0.86435)
        C3 (6.37057,0.00000) (6.78674,-0.36815) (7.65109,-0.36815)
        C3 (7.93921,-0.36815) (8.11528,-0.33614) (8.56346,-0.22409)
      contour 156 bytes, start (6.22652,2.64107)
        C3 (6.22652,2.19289) (6.09846,1.92078) (5.69830,1.55263)
        C3 (5.15408,1.05643) (4.49782,0.80032) (3.71350,0.80032)
        C3 (2.67308,0.80032) (2.06483,1.29652) (2.06483,2.14487)
        C3 (2.06483,3.02522) (2.64107,3.47340) (4.08165,3.68149)
        C3 (5.50623,3.87357) (5.77834,3.93759) (6.22652,4.14568)
  char 0x32
    GGO_METRICS: 28, box 7x12 at (1,12), cell 9,0
    GGO_METRICS unhinted: 28, box 7x12 at (1,12), cell 9,0
    GGO_METRICS rotated: 44, box 11x13 at (-4,13), cell 8,-4
    GGO_BITMAP: 48, box 7x12 at (1,12), cell 9,0
    GGO_GRAY2_BITMAP: 96, box 8x12 at (0,12), cell 9,0
    GGO_GRAY8_BITMAP: 96, box 8x12 at (0,12), cell 9,0
    GGO_NATIVE: 304 bytes, returned 304
      contour 304 bytes, start (7.88867,0.93750)
        L1 (2.45262,0.93750)
        Q2 (2.54063,2.40005) (4.50145,3.67244)
        L1 (6.10210,4.68672)
        Q2 (8.02438,6.19910) (7.93750,8.63518)
        Q2 (7.92281,10.35948) (7.29576,11.30121)
        Q2 (6.49596,11.94334) (4.86960,11.93750)
        Q2 (2.68872,11.96069) (1.73233,10.75430)
        Q2 (1.15210,9.81700) (1.12408,7.92880)
        L1 (2.53265,7.92880)
        Q2 (2.59267,9.19214) (2.86879,9.77625)
        Q2 (3.48503,11.01707) (4.82158,11.06248)
        Q2 (6.90240,10.89029) (7.06248,8.59895)
        Q2 (7.05048,6.99605) (5.52586,5.99080)
        L1 (4.05327,5.01274)
        Q3 (2.31155,3.89734) (0.92899,1.65759) (0.86798,0.06250)
        L1 (7.88867,0.06250)
    GGO_BEZIER: 384 bytes, returned 384
      contour 384 bytes, start (7.88867,0.93750)
        L1 (2.45262,0.93750)
        C3 (2.59668,2.02423) (3.10889,2.71249) (4.50145,3.67244)
        L1 (6.10210,4.68672)
        C3 (7.44156,5.68289) (7.93750,7.02319) (7.93750,8.63518)
        C3 (7.93750,9.72191) (7.70399,10.73619) (7.29576,11.30121)
        C3 (6.77437,11.73318) (5.94203,11.93750) (4.86960,11.93750)
        C3 (3.42902,11.93750) (2.35658,11.57404) (1.73233,10.75430)
        C3 (1.33217,10.06604) (1.15610,9.25099) (1.12408,7.92880)
        L1 (2.53265,7.92880)
        C3 (2.58067,8.81630) (2.67671,9.34155) (2.86879,9.77625)
        C3 (3.23694,10.57318) (3.97324,11.06248) (4.82158,11.06248)
        C3 (6.10210,11.06248) (7.06248,10.01170) (7.06248,8.59895)
        C3 (7.06248,7.54845) (6.53427,6.64284) (5.52586,5.99080)
        L1 (4.05327,5.01274)
        C3 (1.68431,3.47321) (0.99603,2.24158) (0.86798,0.06250)
        L1 (7.88867,0.06250)
    GGO_NATIVE unhinted: 304 bytes, returned 304
      contour 304 bytes, start (8.09927,1.39256)
        L1 (2.12886,1.39256)
        Q2 (2.21687,2.68509) (4.17769,3.80954)
        L1 (5.77834,4.70590)
        Q2 (8.16728,6.04245) (8.17931,8.19531)
        Q2 (8.15529,9.68791) (7.12288,10.67632)
        Q2 (6.13448,11.58070) (4.54584,11.57268)
        Q2 (2.36496,11.56468) (1.40857,10.06807)
        Q2 (0.82834,9.23975) (0.80032,7.57106)
        L1 (2.20889,7.57106)
        Q2 (2.26891,8.68753) (2.54503,9.20372)
        Q2 (3.16127,10.30017) (4.49782,10.34018)
        Q2 (6.57864,10.18811) (6.73872,8.16330)
        Q2 (6.72672,6.74673) (5.20210,5.85837)
        L1 (3.72951,4.99402)
        Q3 (1.98779,4.02711) (0.60522,1.85925) (0.54422,0.01601)
        L1 (8.09927,0.01601)
    GGO_BEZIER unhinted: 384 bytes, returned 384
      contour 384 bytes, start (8.09927,1.39256)
        L1 (2.12886,1.39256)
        C3 (2.27292,2.35295) (2.78513,2.96120) (4.17769,3.80954)
        L1 (5.77834,4.70590)
        C3 (7.36298,5.58626) (8.17931,6.77074) (8.17931,8.19531)
        C3 (8.17931,9.15570) (7.79515,10.05206) (7.12288,10.67632)
        C3 (6.45061,11.28456) (5.61827,11.57268) (4.54584,11.57268)
        C3 (3.10526,11.57268) (2.03282,11.06047) (1.40857,10.06807)
        C3 (1.00841,9.45982) (0.83234,8.73953) (0.80032,7.57106)
        L1 (2.20889,7.57106)
        C3 (2.25691,8.35538) (2.35295,8.81956) (2.54503,9.20372)
        C3 (2.91318,9.90800) (3.64948,10.34018) (4.49782,10.34018)
        C3 (5.77834,10.34018) (6.73872,9.41180) (6.73872,8.16330)
        C3 (6.73872,7.23492) (6.21051,6.43460) (5.20210,5.85837)
        L1 (3.72951,4.99402)
        C3 (1.36055,3.63347) (0.67227,2.54503) (0.54422,0.01601)
        L1 (8.09927,0.01601)
  char 0x4f
    GGO_METRICS: 40, box 11x12 at (1,12), cell 12,0
    GGO_METRICS unhinted: 40, box 11x12 at (1,12), cell 12,0
    GGO_METRICS rotated: 40, box 11x12 at (-3,14), cell 11,-6
    GGO_BITMAP: 48, box 11x12 at (1,12), cell 12,0
    GGO_GRAY2_BITMAP: 144, box 11x12 at (1,12), cell 12,0
    GGO_GRAY8_BITMAP: 144, box 11x12 at (1,12), cell 12,0
    GGO_NATIVE: 236 bytes, returned 236
      contour 116 bytes, start (6.48053,11.93750)
        Q2 (1.01135,11.85477) (1.06250,6.00037)
        Q2 (0.99376,0.13295) (6.49814,0.06250)
        Q2 (8.88411,0.07317) (10.47769,0.88377)
        Q2 (11.97099,2.71028) (11.93750,5.89911)
        Q2 (12.03520,11.89275) (6.48053,11.93750)
      contour 120 bytes, start (6.48053,11.06248)
        Q2 (10.85812,10.83925) (11.06248,5.93286)
        Q3 (11.03143,3.67145) (8.56299,0.97125) (6.49814,0.93750)
        Q3 (4.41042,0.96915) (1.96501,3.69044) (1.93750,6.00037)
        Q3 (1.96558,8.31026) (4.40546,11.03091) (6.48053,11.06248)
    GGO_BEZIER: 284 bytes, returned 284
      contour 156 bytes, start (6.48053,11.93750)
        C3 (2.80032,11.93750) (1.06250,9.84814) (1.06250,6.00037)
        C3 (1.06250,2.13571) (2.78271,0.06250) (6.49814,0.06250)
        C3 (8.06531,0.06250) (9.43878,0.35048) (10.47769,0.88377)
        C3 (11.49556,1.98383) (11.93750,3.89084) (11.93750,5.89911)
        C3 (11.93750,9.86502) (10.24878,11.93750) (6.48053,11.93750)
      contour 128 bytes, start (6.48053,11.06248)
        C3 (9.26270,11.06248) (11.06248,9.05496) (11.06248,5.93286)
        C3 (11.06248,2.96265) (9.20987,0.93750) (6.49814,0.93750)
        C3 (3.75119,0.93750) (1.93750,2.96265) (1.93750,6.00037)
        C3 (1.93750,9.03809) (3.75119,11.06248) (6.48053,11.06248)
    GGO_NATIVE unhinted: 244 bytes, returned 244
      contour 140 bytes, start (6.22652,11.86079)
        Q3 (3.67998,11.82079) (0.64575,8.52345) (0.60825,5.74632)
        Q3 (0.64377,2.95871) (3.67398,-0.32962) (6.24252,-0.36815)
        Q2 (8.41139,-0.35214) (9.85999,0.86435)
        Q2 (11.81677,2.63307) (11.87680,5.65028)
        Q3 (11.84479,8.50696) (8.82755,11.82529) (6.22652,11.86079)
      contour 104 bytes, start (6.22652,10.54826)
        Q2 (10.20410,10.33618) (10.38820,5.68230)
        Q3 (10.36018,3.53745) (8.11926,0.97641) (6.24252,0.94438)
        Q2 (2.29692,1.18449) (2.09685,5.74632)
        Q2 (2.30092,10.30818) (6.22652,10.54826)
    GGO_BEZIER unhinted: 284 bytes, returned 284
      contour 156 bytes, start (6.22652,11.86079)
        C3 (2.88116,11.86079) (0.60825,9.39580) (0.60825,5.74632)
        C3 (0.60825,2.08084) (2.86516,-0.36815) (6.24252,-0.36815)
        C3 (7.66710,-0.36815) (8.91560,0.06403) (9.85999,0.86435)
        C3 (11.12450,1.93678) (11.87680,3.74551) (11.87680,5.65028)
        C3 (11.87680,9.41180) (9.65190,11.86079) (6.22652,11.86079)
      contour 128 bytes, start (6.22652,10.54826)
        C3 (8.75554,10.54826) (10.38820,8.64349) (10.38820,5.68230)
        C3 (10.38820,2.86516) (8.70752,0.94438) (6.24252,0.94438)
        C3 (3.74551,0.94438) (2.09685,2.86516) (2.09685,5.74632)
        C3 (2.09685,8.62749) (3.74551,10.54826) (6.22652,10.54826)
  char 0x26
    GGO_METRICS: 40, box 9x12 at (1,12), cell 11,0
    GGO_METRICS unhinted: 40, box 9x12 at (1,12), cell 11,0
    GGO_METRICS rotated: 40, box 12x12 at (-3,13), cell 9,-5
    GGO_BITMAP: 48, box 9x12 at (1,12), cell 11,0
    GGO_GRAY2_BITMAP: 144, box 9x12 at (1,12), cell 11,0
    GGO_GRAY8_BITMAP: 144, box 9x12 at (1,12), cell 11,0
    GGO_NATIVE: 444 bytes, returned 444
      contour 264 bytes, start (7.35367,5.77368)
        Q2 (7.35146,4.72931) (6.88225,3.71094)
        L1 (4.99707,6.53638)
        Q2 (7.14021,7.87543) (6.93750,9.55249)
        Q2 (6.97066,11.92436) (4.54541,11.93750)
        Q2 (2.04170,11.88686) (2.06248,9.55249)
        Q2 (1.99049,8.55579) (2.92642,6.72705)
        Q3 (1.83978,5.82677) (1.04039,4.19521) (1.06250,3.03491)
        Q2 (1.00049,-0.01135) (3.87428,0.06250)
        Q2 (5.09875,0.06531) (5.98714,0.45503)
        Q2 (6.38728,0.58803) (7.21964,1.33618)
        L3 (7.91389,0.06250) (9.65860,0.06250) (7.70581,3.08032)
        Q2 (8.61417,4.54022) (8.63419,6.07373)
      contour 104 bytes, start (4.20215,7.66040)
        Q3 (3.39989,8.48134) (2.91322,9.25218) (2.93750,9.65601)
        Q2 (3.00977,10.99719) (4.49121,11.06248)
        Q2 (5.95433,10.96857) (6.06248,9.67236)
        Q2 (6.16209,8.70319) (4.20215,7.66040)
      contour 76 bytes, start (6.45132,2.25003)
        Q2 (5.19481,0.88548) (4.03435,0.93750)
        Q2 (2.12157,1.10956) (1.93750,2.98633)
        Q2 (1.82146,4.19481) (3.89029,5.45132)
    GGO_BEZIER: 564 bytes, returned 564
      contour 336 bytes, start (7.35367,5.77368)
        C3 (7.36967,5.14966) (7.17760,4.31763) (6.88225,3.71094)
        L1 (4.99707,6.53638)
        C3 (6.56099,7.55908) (6.93750,8.30444) (6.93750,9.55249)
        C3 (6.93750,11.12497) (6.18434,11.93750) (4.54541,11.93750)
        C3 (2.86243,11.93750) (2.06248,11.07498) (2.06248,9.55249)
        C3 (2.06248,8.73779) (2.25447,8.09644) (2.92642,6.72705)
        C3 (1.44810,5.47900) (1.06250,4.62964) (1.06250,3.03491)
        C3 (1.06250,0.95483) (1.91708,0.06250) (3.87428,0.06250)
        C3 (4.67461,0.06250) (5.41090,0.19708) (5.98714,0.45503)
        C3 (6.32327,0.61205) (6.59538,0.76906) (7.21964,1.33618)
        L3 (7.91389,0.06250) (9.65860,0.06250) (7.70581,3.08032)
        C3 (8.29805,4.01270) (8.63419,5.09229) (8.63419,6.07373)
      contour 128 bytes, start (4.20215,7.66040)
        C3 (3.10010,8.80542) (2.93750,9.06714) (2.93750,9.65601)
        C3 (2.93750,10.50659) (3.55176,11.06248) (4.49121,11.06248)
        C3 (5.39453,11.06248) (6.06248,10.47388) (6.06248,9.67236)
        C3 (6.06248,8.95264) (5.57520,8.42920) (4.20215,7.66040)
      contour 100 bytes, start (6.45132,2.25003)
        C3 (5.55496,1.30565) (4.86668,0.93750) (4.03435,0.93750)
        C3 (2.88188,0.93750) (1.93750,1.84987) (1.93750,2.98633)
        C3 (1.93750,3.88269) (2.43370,4.52295) (3.89029,5.45132)
    GGO_NATIVE unhinted: 444 bytes, returned 444
      contour 264 bytes, start (7.89119,5.34616)
        Q2 (7.89517,4.38177) (7.39499,3.44139)
        L1 (5.26613,6.05045)
        Q2 (7.61906,7.28696) (7.47502,8.83557)
        Q2 (7.31096,11.19653) (4.86597,11.34859)
        Q2 (2.34494,11.14851) (2.12886,8.83557)
        Q2 (2.02081,7.91521) (3.42538,6.22652)
        Q3 (1.95029,5.39519) (0.80681,3.88857) (0.83234,2.81714)
        Q2 (0.99640,-0.21608) (4.11366,-0.36815)
        Q2 (5.33813,-0.36415) (6.22652,0.19208)
        Q2 (6.62666,0.43217) (7.45901,1.24850)
        L3 (8.45142,0.00000) (10.19612,0.00000) (8.24333,2.41698)
        Q2 (9.15167,3.84557) (9.17171,5.34616)
      contour 104 bytes, start (4.56184,6.89879)
        Q3 (3.85106,7.70213) (3.41986,8.45644) (3.44139,8.85158)
        Q2 (3.50540,10.16412) (4.81795,10.22813)
        Q2 (6.11446,10.13609) (6.21051,8.86758)
        Q2 (6.29854,7.91920) (4.56184,6.89879)
      contour 76 bytes, start (6.69070,2.19289)
        Q2 (5.43419,0.82835) (4.27373,0.88036)
        Q2 (2.36095,1.05243) (2.17688,2.92918)
        Q2 (2.06084,4.13768) (4.12967,5.39418)
    GGO_BEZIER unhinted: 564 bytes, returned 564
      contour 336 bytes, start (7.89119,5.34616)
        C3 (7.90720,4.76993) (7.71512,4.00162) (7.39499,3.44139)
        L1 (5.26613,6.05045)
        C3 (6.93080,6.99483) (7.47502,7.68311) (7.47502,8.83557)
        C3 (7.47502,10.30817) (6.38658,11.34859) (4.86597,11.34859)
        C3 (3.32935,11.34859) (2.12886,10.24414) (2.12886,8.83557)
        C3 (2.12886,8.08327) (2.41698,7.49103) (3.42538,6.22652)
        C3 (1.42458,5.07405) (0.83234,4.28973) (0.83234,2.81714)
        C3 (0.83234,0.89636) (2.14487,-0.36815) (4.11366,-0.36815)
        C3 (4.91399,-0.36815) (5.65028,-0.17607) (6.22652,0.19208)
        C3 (6.56265,0.41617) (6.83476,0.64026) (7.45901,1.24850)
        L3 (8.45142,0.00000) (10.19612,0.00000) (8.24333,2.41698)
        C3 (8.83557,3.32935) (9.17171,4.38577) (9.17171,5.34616)
      contour 128 bytes, start (4.56184,6.89879)
        C3 (3.58545,8.01924) (3.44139,8.27534) (3.44139,8.85158)
        C3 (3.44139,9.68391) (3.98561,10.22813) (4.81795,10.22813)
        C3 (5.61827,10.22813) (6.21051,9.65190) (6.21051,8.86758)
        C3 (6.21051,8.16330) (5.77834,7.65109) (4.56184,6.89879)
      contour 100 bytes, start (6.69070,2.19289)
        C3 (5.79434,1.24850) (5.10606,0.88036) (4.27373,0.88036)
        C3 (3.12126,0.88036) (2.17688,1.79272) (2.17688,2.92918)
        C3 (2.17688,3.82555) (2.67308,4.46581) (4.12967,5.39418)
  char 0x40
    GGO_METRICS: 44, box 14x14 at (1,12), cell 16,0
    GGO_METRICS unhinted: 44, box 14x14 at (1,12), cell 16,0
    GGO_METRICS rotated: 44, box 14x14 at (-3,15), cell 14,-8
    GGO_BITMAP: 56, box 14x14 at (1,12), cell 16,0
    GGO_GRAY2_BITMAP: 224, box 14x14 at (1,12), cell 16,0
    GGO_GRAY8_BITMAP: 224, box 14x14 at (1,12), cell 16,0
    GGO_NATIVE: 620 bytes, returned 620
      contour 488 bytes, start (10.50395,7.65038)
        L1 (10.11018,6.70905)
        Q2 (9.42108,7.94725) (7.92656,7.93750)
        Q3 (6.11108,7.88727) (4.07913,5.50462) (4.06248,3.77509)
        Q2 (4.02736,1.21432) (6.24409,1.06250)
        Q2 (7.60884,1.03845) (8.78569,2.06104)
        Q2 (9.03177,1.05656) (10.75453,1.06250)
        Q2 (12.74405,1.04199) (14.07254,2.23177)
        Q2 (14.91980,3.78441) (14.93750,5.68552)
        Q3 (14.89476,8.29054) (11.16866,11.86308) (7.99815,11.93750)
        Q2 (4.81342,12.02489) (3.00684,9.91779)
        Q2 (1.03990,6.99504) (1.06250,3.96638)
        Q3 (1.10861,1.45218) (4.53085,-1.87495) (7.35381,-1.93750)
        Q2 (9.38976,-1.92899) (11.39888,-1.46005)
        L1 (10.89772,-0.50488)
        Q2 (8.79909,-1.08427) (7.42540,-1.06250)
        Q3 (4.99030,-0.99841) (1.98161,2.01677) (1.93750,4.19870)
        Q3 (1.98831,6.73137) (5.20714,10.93404) (7.76547,11.06248)
        Q3 (10.41426,10.94797) (13.99107,7.47171) (14.06248,5.48418)
        Q3 (14.01738,4.08353) (12.24495,1.99075) (11.05881,1.93750)
        Q2 (10.24889,1.99945) (10.16388,2.61896)
        Q2 (10.16388,2.84354) (10.37866,3.39334)
        L1 (11.98953,7.65038)
      contour 132 bytes, start (7.81917,7.06248)
        Q2 (9.45241,6.95866) (9.50163,5.57710)
        Q3 (9.45967,4.95712) (8.88579,3.39769) (8.53511,2.92871)
        Q2 (7.74309,1.96765) (6.70946,1.93750)
        Q2 (5.08514,2.08420) (4.93750,3.75964)
        Q3 (4.97665,5.10104) (6.65239,7.01822) (7.81917,7.06248)
    GGO_BEZIER: 740 bytes, returned 740
      contour 584 bytes, start (10.50395,7.65038)
        L1 (10.11018,6.70905)
        C3 (9.66272,7.54100) (8.91098,7.93750) (7.92656,7.93750)
        C3 (5.52815,7.93750) (4.06248,6.01416) (4.06248,3.77509)
        C3 (4.06248,2.16913) (4.74287,1.06250) (6.24409,1.06250)
        C3 (7.19272,1.06250) (7.96236,1.36328) (8.78569,2.06104)
        C3 (8.94678,1.38742) (9.60902,1.06250) (10.75453,1.06250)
        C3 (12.09692,1.06250) (13.17084,1.42491) (14.07254,2.23177)
        C3 (14.62560,3.22298) (14.93750,4.46199) (14.93750,5.68552)
        C3 (14.93750,9.05966) (12.16852,11.93750) (7.99815,11.93750)
        C3 (5.86823,11.93750) (4.21800,11.38078) (3.00684,9.91779)
        C3 (1.68048,7.95950) (1.06250,5.99527) (1.06250,3.96638)
        C3 (1.06250,0.69748) (3.65137,-1.93750) (7.35381,-1.93750)
        C3 (8.67830,-1.93750) (10.09229,-1.76698) (11.39888,-1.46005)
        L1 (10.89772,-0.50488)
        C3 (9.41214,-0.90567) (8.42772,-1.06250) (7.42540,-1.06250)
        C3 (4.23744,-1.06250) (1.93750,1.37492) (1.93750,4.19870)
        C3 (1.93750,7.40428) (4.42212,11.06248) (7.76547,11.06248)
        C3 (11.20200,11.06248) (14.06248,7.98151) (14.06248,5.48418)
        C3 (14.06248,3.68761) (12.58018,1.93750) (11.05881,1.93750)
        C3 (10.57555,1.93750) (10.16388,2.24725) (10.16388,2.61896)
        C3 (10.16388,2.75835) (10.23547,3.03712) (10.37866,3.39334)
        L1 (11.98953,7.65038)
      contour 156 bytes, start (7.81917,7.06248)
        C3 (8.82149,7.06248) (9.55533,6.42892) (9.50163,5.57710)
        C3 (9.46584,4.80272) (8.98257,3.50175) (8.53511,2.92871)
        C3 (8.03395,2.30811) (7.37170,1.93750) (6.70946,1.93750)
        C3 (5.72504,1.93750) (4.93750,2.74048) (4.93750,3.75964)
        C3 (4.93750,5.48914) (6.31569,7.06248) (7.81917,7.06248)
    GGO_NATIVE unhinted: 620 bytes, returned 620
      contour 488 bytes, start (10.64430,8.01924)
        L1 (10.29216,6.96281)
        Q2 (9.67590,8.35539) (8.33937,8.35538)
        Q3 (6.67468,8.29585) (4.28172,5.72183) (4.22571,3.92159)
        Q2 (4.41379,1.20850) (6.83476,0.99240)
        Q2 (8.05524,0.96838) (9.10768,2.14487)
        Q2 (9.32774,0.91638) (10.86839,0.91237)
        Q2 (12.64510,0.90437) (13.84560,2.33694)
        Q2 (15.19412,3.94159) (15.22215,5.90639)
        Q3 (15.14561,8.42142) (11.27705,11.79478) (8.40340,11.86079)
        Q2 (5.36615,11.78877) (3.07324,9.79596)
        Q2 (0.63225,7.46703) (0.54422,4.12967)
        Q3 (0.61975,1.39757) (4.71440,-2.20587) (7.82716,-2.27292)
        Q2 (9.64789,-2.26093) (11.44463,-1.60065)
        L1 (10.99644,-0.52821)
        Q2 (9.11966,-1.06041) (7.89119,-1.04042)
        Q3 (5.30063,-0.98889) (1.96228,2.02533) (1.90477,4.36977)
        Q3 (1.98131,6.96683) (5.58575,10.55228) (8.19531,10.62830)
        Q3 (10.56427,10.57228) (13.76556,7.77115) (13.82959,5.69830)
        Q3 (13.78908,4.25072) (12.20142,2.08786) (11.14050,2.03282)
        Q2 (10.41620,2.09686) (10.34018,2.73711)
        Q2 (10.34018,2.96921) (10.53226,3.53743)
        L1 (11.97284,8.01924)
      contour 132 bytes, start (8.24333,7.33096)
        Q2 (9.70392,7.22292) (9.74794,5.79434)
        Q3 (9.71040,5.15358) (9.19720,3.54195) (8.88359,3.05724)
        Q2 (8.17529,2.04485) (7.25093,2.01682)
        Q2 (5.79832,2.16887) (5.66629,3.90558)
        Q3 (5.70129,5.29614) (7.19991,7.28496) (8.24333,7.33096)
    GGO_BEZIER unhinted: 740 bytes, returned 740
      contour 584 bytes, start (10.64430,8.01924)
        L1 (10.29216,6.96281)
        C3 (9.89200,7.89119) (9.21973,8.35538) (8.33937,8.35538)
        C3 (6.19450,8.35538) (4.22571,6.24252) (4.22571,3.92159)
        C3 (4.22571,2.25691) (5.34616,0.99240) (6.83476,0.99240)
        C3 (7.68311,0.99240) (8.37138,1.34454) (9.10768,2.14487)
        C3 (9.25174,1.32854) (9.84398,0.91237) (10.86839,0.91237)
        C3 (12.06888,0.91237) (13.02927,1.37656) (13.84560,2.33694)
        C3 (14.72595,3.36136) (15.22215,4.64188) (15.22215,5.90639)
        C3 (15.22215,9.17171) (12.13290,11.86079) (8.40340,11.86079)
        C3 (6.49863,11.86079) (4.48181,11.07648) (3.07324,9.79596)
        C3 (1.50461,8.37138) (0.54422,6.22652) (0.54422,4.12967)
        C3 (0.54422,0.57623) (3.77753,-2.27292) (7.82716,-2.27292)
        C3 (9.01164,-2.27292) (10.27615,-2.03282) (11.44463,-1.60065)
        L1 (10.99644,-0.52821)
        C3 (9.66791,-0.89636) (8.78755,-1.04042) (7.89119,-1.04042)
        C3 (4.51382,-1.04042) (1.90477,1.31253) (1.90477,4.36977)
        C3 (1.90477,7.73112) (4.81795,10.62830) (8.19531,10.62830)
        C3 (11.26855,10.62830) (13.82959,8.38739) (13.82959,5.69830)
        C3 (13.82959,3.84155) (12.50105,2.03282) (11.14050,2.03282)
        C3 (10.70833,2.03282) (10.34018,2.35295) (10.34018,2.73711)
        C3 (10.34018,2.88116) (10.40421,3.16928) (10.53226,3.53743)
        L1 (11.97284,8.01924)
      contour 156 bytes, start (8.24333,7.33096)
        C3 (9.13969,7.33096) (9.79596,6.67470) (9.74794,5.79434)
        C3 (9.71593,4.99402) (9.28375,3.64948) (8.88359,3.05724)
        C3 (8.43541,2.40097) (7.84317,2.01682) (7.25093,2.01682)
        C3 (6.37057,2.01682) (5.66629,2.84915) (5.66629,3.90558)
        C3 (5.66629,5.69830) (6.89879,7.33096) (8.24333,7.33096)
  char 0x53
    GGO_METRICS: 40, box 9x12 at (1,12), cell 11,0
    GGO_METRICS unhinted: 40, box 9x12 at (1,12), cell 11,0
    GGO_METRICS rotated: 40, box 11x12 at (-4,14), cell 9,-5
    GGO_BITMAP: 48, box 9x12 at (1,12), cell 11,0
    GGO_GRAY2_BITMAP: 144, box 10x12 at (0,12), cell 11,0
    GGO_GRAY8_BITMAP: 144, box 10x12 at (0,12), cell 11,0
    GGO_NATIVE: 400 bytes, returned 400
      contour 400 bytes, start (9.70268,8.58435)
        Q2 (9.72621,9.60728) (9.52380,10.22775)
        Q2 (8.86839,11.99467) (5.17715,11.93750)
        Q3 (2.87080,11.94801) (1.02692,10.43523) (1.06250,8.78558)
        Q2 (0.93167,6.55525) (2.91330,5.93478)
        L1 (6.44569,5.12985)
        Q2 (9.11531,4.55550) (9.06248,3.15106)
        Q2 (9.00798,2.09041) (8.04601,1.45735)
        Q2 (7.17752,0.93332) (5.43086,0.93750)
        Q2 (3.13284,0.92073) (2.15218,1.96043)
        Q2 (1.63741,2.73602) (1.68387,3.83861)
        L1 (0.71036,3.83861)
        Q2 (0.75296,2.23296) (1.26021,1.30643)
        Q2 (2.01532,0.03151) (5.31377,0.06250)
        Q2 (7.93204,0.07317) (9.18488,0.65979)
        Q2 (9.90717,1.56033) (9.93750,3.30199)
        Q2 (10.06416,5.62875) (7.85085,6.37079)
        L1 (4.27942,7.19249)
        Q2 (1.82040,7.69559) (1.93750,9.00359)
        Q2 (2.09363,10.96376) (5.11861,11.06248)
        Q2 (8.57780,11.03082) (8.67052,8.58435)
    GGO_BEZIER: 528 bytes, returned 528
      contour 528 bytes, start (9.70268,8.58435)
        C3 (9.70268,9.42282) (9.67444,9.65759) (9.52380,10.22775)
        C3 (9.14722,11.44380) (7.57762,11.93750) (5.17715,11.93750)
        C3 (2.05460,11.93750) (1.06250,10.99915) (1.06250,8.78558)
        C3 (1.06250,7.29311) (1.50499,6.35402) (2.91330,5.93478)
        L1 (6.44569,5.12985)
        C3 (8.26068,4.72739) (9.06248,4.10692) (9.06248,3.15106)
        C3 (9.06248,2.49706) (8.65100,1.82628) (8.04601,1.45735)
        C3 (7.48004,1.10519) (6.58231,0.93750) (5.43086,0.93750)
        C3 (3.86958,0.93750) (2.83524,1.25612) (2.15218,1.96043)
        C3 (1.78743,2.49706) (1.67445,3.08398) (1.68387,3.83861)
        L1 (0.71036,3.83861)
        C3 (0.72636,2.71506) (0.93445,1.97720) (1.26021,1.30643)
        C3 (1.73094,0.43581) (3.14749,0.06250) (5.31377,0.06250)
        C3 (7.01166,0.06250) (8.39729,0.27582) (9.18488,0.65979)
        C3 (9.64619,1.15550) (9.93750,2.24551) (9.93750,3.30199)
        C3 (9.93750,4.81123) (9.41083,5.91801) (7.85085,6.37079)
        L1 (4.27942,7.19249)
        C3 (2.56201,7.59496) (1.93750,8.06450) (1.93750,9.00359)
        C3 (1.93750,10.24452) (3.20604,11.06248) (5.11861,11.06248)
        C3 (7.38246,11.06248) (8.65100,10.19421) (8.67052,8.58435)
    GGO_NATIVE unhinted: 392 bytes, returned 392
      contour 392 bytes, start (9.53986,8.24333)
        Q2 (9.57986,9.21974) (9.23573,9.81197)
        Q2 (8.24733,11.84480) (5.26613,11.86079)
        Q2 (1.27251,11.73276) (1.12045,8.43541)
        Q2 (1.11244,6.30656) (3.40938,5.71431)
        L1 (6.30655,4.94600)
        Q2 (8.49542,4.39778) (8.45142,3.05724)
        Q2 (8.40741,2.04483) (7.61908,1.44058)
        Q2 (6.90680,0.94040) (5.47421,0.94438)
        Q2 (3.58946,0.92838) (2.78513,1.92078)
        Q2 (2.14487,2.66107) (2.17688,3.71350)
        L1 (0.76831,3.71350)
        Q2 (0.77631,2.18089) (1.45659,1.29652)
        Q2 (2.68507,-0.36412) (5.37817,-0.36815)
        Q2 (7.49902,-0.35213) (8.65950,0.52821)
        Q2 (9.88797,1.57664) (9.94002,3.20129)
        Q2 (9.88800,5.42220) (7.45901,6.13048)
        L1 (4.52983,6.91479)
        Q2 (2.51300,7.39499) (2.60905,8.64349)
        Q2 (2.73711,10.51627) (5.21811,10.61229)
        Q2 (8.05527,10.58029) (8.13129,8.24333)
    GGO_BEZIER unhinted: 528 bytes, returned 528
      contour 528 bytes, start (9.53986,8.24333)
        C3 (9.53986,9.04366) (9.49184,9.26775) (9.23573,9.81197)
        C3 (8.59547,11.15651) (7.23492,11.86079) (5.26613,11.86079)
        C3 (2.70509,11.86079) (1.12045,10.54826) (1.12045,8.43541)
        C3 (1.12045,7.01083) (1.87276,6.11447) (3.40938,5.71431)
        L1 (6.30655,4.94600)
        C3 (7.79515,4.56184) (8.45142,3.96960) (8.45142,3.05724)
        C3 (8.45142,2.43298) (8.11528,1.79272) (7.61908,1.44058)
        C3 (7.15489,1.10445) (6.41859,0.94438) (5.47421,0.94438)
        C3 (4.19370,0.94438) (3.34535,1.24850) (2.78513,1.92078)
        C3 (2.35295,2.43298) (2.16087,2.99321) (2.17688,3.71350)
        L1 (0.76831,3.71350)
        C3 (0.78432,2.64107) (0.99240,1.93678) (1.45659,1.29652)
        C3 (2.25691,0.19208) (3.60146,-0.36815) (5.37817,-0.36815)
        C3 (6.77074,-0.36815) (7.90720,-0.04802) (8.65950,0.52821)
        C3 (9.44382,1.15247) (9.94002,2.19289) (9.94002,3.20129)
        C3 (9.94002,4.64188) (9.04366,5.69830) (7.45901,6.13048)
        L1 (4.52983,6.91479)
        C3 (3.12126,7.29895) (2.60905,7.74713) (2.60905,8.64349)
        C3 (2.60905,9.82797) (3.64948,10.61229) (5.21811,10.61229)
        C3 (7.07486,10.61229) (8.11528,9.77995) (8.13129,8.24333)
height -16, quality nonantialiased: face Nimbus Sans, tmHeight 22 ascent 17
  char 0x61
    GGO_METRICS: 28, box 7x9 at (1,9), cell 9,0
  char 0x32
    GGO_METRICS: 28, box 7x12 at (1,12), cell 9,0
  char 0x4f
    GGO_METRICS: 40, box 11x12 at (1,12), cell 12,0
  char 0x26
    GGO_METRICS: 40, box 9x12 at (1,12), cell 11,0
  char 0x40
    GGO_METRICS: 44, box 14x14 at (1,12), cell 16,0
  char 0x53
    GGO_METRICS: 40, box 9x12 at (1,12), cell 11,0
height -16, quality antialiased: face Nimbus Sans, tmHeight 22 ascent 17
  char 0x61
    GGO_METRICS: 28, box 7x9 at (1,9), cell 9,0
  char 0x32
    GGO_METRICS: 28, box 7x12 at (1,12), cell 9,0
  char 0x4f
    GGO_METRICS: 40, box 11x12 at (1,12), cell 12,0
  char 0x26
    GGO_METRICS: 40, box 9x12 at (1,12), cell 11,0
  char 0x40
    GGO_METRICS: 44, box 14x14 at (1,12), cell 16,0
  char 0x53
    GGO_METRICS: 40, box 9x12 at (1,12), cell 11,0
height -16, quality cleartype: face Nimbus Sans, tmHeight 22 ascent 17
  char 0x61
    GGO_METRICS: 28, box 7x9 at (1,9), cell 9,0
  char 0x32
    GGO_METRICS: 28, box 7x12 at (1,12), cell 9,0
  char 0x4f
    GGO_METRICS: 40, box 11x12 at (1,12), cell 12,0
  char 0x26
    GGO_METRICS: 40, box 9x12 at (1,12), cell 11,0
  char 0x40
    GGO_METRICS: 44, box 14x14 at (1,12), cell 16,0
  char 0x53
    GGO_METRICS: 40, box 9x12 at (1,12), cell 11,0
